 186
       -50.0       -49.0       -48.0       -47.0       -46.0       -45.0       -44.0
       -43.0       -42.0       -41.0       -40.0       -39.0       -38.0       -37.0
       -36.0       -35.0       -34.0       -33.0       -32.0       -31.0       -30.0
       -29.0       -28.0       -27.0       -26.0       -25.0       -24.0       -23.0
       -22.0       -21.0       -20.0       -19.0       -18.0       -17.0       -16.0
       -15.0       -14.0       -13.0       -12.0       -11.0       -10.0        -9.0
        -8.0        -7.0        -6.0        -5.0        -4.0        -3.0        -2.0
        -1.0         0.0         1.0         2.0         3.0         4.0         5.0
         6.0         7.0         8.0         9.0        10.0        11.0        12.0
        13.0        14.0        15.0        16.0        17.0        18.0        19.0
        20.0        21.0        22.0        23.0        24.0        25.0        26.0
        27.0        28.0        29.0        30.0        31.0        32.0        33.0
        34.0        35.0        36.0        37.0        38.0        39.0        40.0
        41.0        42.0        43.0        44.0        45.0        46.0        47.0
        48.0        49.0        50.0        51.0        52.0        53.0        54.0
        55.0        56.0        57.0        58.0        59.0        60.0        61.0
        62.0        63.0        64.0        65.0        66.0        67.0        68.0
        69.0        70.0        71.0        72.0        73.0        74.0        75.0
        76.0        77.0        78.0        79.0        80.0        81.0        82.0
        83.0        84.0        85.0        86.0        87.0        88.0        89.0
        90.0        91.0        92.0        93.0        94.0        95.0        96.0
        97.0        98.0        99.0       100.0       101.0       102.0       103.0
       104.0       105.0       106.0       107.0       108.0       109.0       110.0
       111.0       112.0       113.0       114.0       115.0       116.0       117.0
       118.0       119.0       120.0       121.0       122.0       123.0       124.0
       125.0       126.0       127.0       128.0       129.0       130.0       131.0
       132.0       133.0       134.0       135.0
  -0.1173102  -0.1213652  -0.1438367  -0.1788657  -0.2225556  -0.2690106  -0.3211064
  -0.3791314  -0.4437923  -0.5143680  -0.5900492  -0.6671550  -0.7391083  -0.7999446
  -0.8494181  -0.8873857  -0.9178345  -0.9460310  -0.9742701  -1.0029429  -1.0298063
  -1.0515008  -1.0643217  -1.0670266  -1.0588271  -1.0401318  -1.0108444  -0.9694562
  -0.9167621  -0.8539350  -0.7842167  -0.7127733  -0.6447727  -0.5837915  -0.5315762
  -0.4904301  -0.4617418  -0.4480073  -0.4500953  -0.4668717  -0.4957075  -0.5322699
  -0.5724728  -0.6130513  -0.6516465  -0.6847767  -0.7071641  -0.7138633  -0.7024286
  -0.6730807  -0.6304082  -0.5814147  -0.5314358  -0.4830379  -0.4378754  -0.3970883
  -0.3629495  -0.3397958  -0.3305713  -0.3352225  -0.3518365  -0.3736318  -0.3935866
  -0.4080301  -0.4159296  -0.4178891  -0.4162449  -0.4124096  -0.4061815  -0.3975348
  -0.3854052  -0.3692412  -0.3500445  -0.3296640  -0.3083870  -0.2882205  -0.2706618
  -0.2553687  -0.2415323  -0.2289911  -0.2170326  -0.2054866  -0.1958859  -0.1895637
  -0.1866211  -0.1873697  -0.1905299  -0.1937435  -0.1951955  -0.1944407  -0.1909680
  -0.1850114  -0.1776555  -0.1696719  -0.1610433  -0.1520392  -0.1422755  -0.1308869
  -0.1177868  -0.1032141  -0.0880942  -0.0741984  -0.0631435  -0.0555668  -0.0515190
  -0.0500938  -0.0495614  -0.0488683  -0.0479764  -0.0465914  -0.0449142  -0.0427394
  -0.0391100  -0.0333728  -0.0256141  -0.0163363  -0.0071821  -0.0002156   0.0034948
   0.0038406   0.0011760  -0.0034831  -0.0092197  -0.0156032  -0.0223342  -0.0291903
  -0.0358200  -0.0416265  -0.0460090  -0.0489082  -0.0502810  -0.0504250  -0.0498047
  -0.0487191  -0.0472722  -0.0455730  -0.0436304  -0.0413721  -0.0388623  -0.0361724
  -0.0335062  -0.0311042  -0.0292060  -0.0279488  -0.0274189  -0.0276538  -0.0286548
  -0.0305164  -0.0331988  -0.0366436  -0.0406813  -0.0449598  -0.0491894  -0.0531832
  -0.0568986  -0.0603495  -0.0635459  -0.0664884  -0.0691563  -0.0717557  -0.0746330
  -0.0784178  -0.0836958  -0.0906421  -0.0993798  -0.1095081  -0.1207167  -0.1328608
  -0.1456417  -0.1587442  -0.1714158  -0.1826269  -0.1912538  -0.1967123  -0.1987661
  -0.1975492  -0.1936194  -0.1871675  -0.1784757  -0.1679034  -0.1561359  -0.1493611
  -0.1419029  -0.1343557  -0.1269701  -0.1201503
   0.0000000   0.0000000   0.0000000   0.0000000   0.0000000   0.0000000   0.0000000
   0.0000000   0.0000000   0.0000000   0.0000000   0.0000000   0.0000000   0.0000000
   0.0000000   0.0000000   0.0000000   0.0000000   0.0000000   0.0000000   0.0000000
   0.0000000   0.0000000   0.0000000   0.0000000   0.0000000   0.0000000   0.0000000
   0.0000000   0.0000000   0.0000000   0.0000000   0.0000000   0.0000000   0.0000000
   0.0000000   0.0000000   0.0000000   0.0000000   0.0000000   0.0000000   0.0000000
   0.0000000   0.0000000   0.0000000   0.0000000   0.0000000   0.0000000   0.0000000
   0.0000000   0.0000000   0.0000000   0.0000000   0.0000000   0.0000000   0.0000000
   0.0000000   0.0000000   0.0000000   0.0000000   0.0000000   0.0000000   0.0000000
   0.0000000   0.0000000   0.0000000   0.0000000   0.0000000   0.0000000   0.0000000
   0.0000000   0.0000000   0.0000000   0.0000000   0.0000000   0.0000000   0.0000000
   0.0000000   0.0000000   0.0000000   0.0000000   0.0000000   0.0000000   0.0000000
   0.0000000   0.0000000   0.0000000   0.0000000   0.0000000   0.0000000   0.0000000
   0.0000000   0.0000000   0.0000000   0.0000000   0.0000000   0.0000000   0.0000000
   0.0000000   0.0000000   0.0000000   0.0000000   0.0000000   0.0000000   0.0000000
   0.0000000   0.0000000   0.0000000   0.0000000   0.0000000   0.0000000   0.0000000
   0.0000000   0.0000000   0.0000000   0.0000000   0.0000000   0.0000000   0.0000000
   0.0000000   0.0000000   0.0000000   0.0000000   0.0000000   0.0000000   0.0000000
   0.0000000   0.0000000   0.0000000   0.0000000   0.0000000   0.0000000   0.0000000
   0.0000000   0.0000000   0.0000000   0.0000000   0.0000000   0.0000000   0.0000000
   0.0000000   0.0000000   0.0000000   0.0000000   0.0000000   0.0000000   0.0000000
   0.0000000   0.0000000   0.0000000   0.0000000   0.0000000   0.0000000   0.0000000
   0.0000000   0.0000000   0.0000000   0.0000000   0.0000000   0.0000000   0.0000000
   0.0000000   0.0000000   0.0000000   0.0000000   0.0000000   0.0000000   0.0000000
   0.0000000   0.0000000   0.0000000   0.0000000   0.0000000   0.0000000   0.0000000
   0.0000000   0.0000000   0.0000000   0.0000000   0.0000000   0.0000000   0.0000000
   0.0000000   0.0000000   0.0000000   0.0000000
   0.1317557   0.1156521   0.0735855   0.0125156  -0.0630162  -0.1423930  -0.2394078
  -0.3460995  -0.4624654  -0.5868246  -0.7164033  -0.8438819  -0.9577384  -1.0500807
  -1.1196210  -1.1661105  -1.1973673  -1.2217482  -1.2435337  -1.2653537  -1.2883560
  -1.3143357  -1.3446027  -1.3797159  -1.4194514  -1.4615632  -1.5027383  -1.5398340
  -1.5713014  -1.5960852  -1.6132750  -1.6219283  -1.6197875  -1.6061511  -1.5818714
  -1.5490379  -1.5110869  -1.4716810  -1.4336682  -1.3989269  -1.3704230  -1.3519999
  -1.3471107  -1.3572116  -1.3818423  -1.4168408  -1.4564069  -1.4960955  -1.5336659
  -1.5673710  -1.5954298  -1.6145285  -1.6194719  -1.6080823  -1.5807445  -1.5402489
  -1.4941680  -1.4494968  -1.4099882  -1.3768561  -1.3499380  -1.3280859  -1.3115544
  -1.3019080  -1.2986164  -1.3014588  -1.3085317  -1.3164707  -1.3226121  -1.3262844
  -1.3269050  -1.3251631  -1.3225818  -1.3198170  -1.3166319  -1.3124113  -1.3056002
  -1.2943342  -1.2784598  -1.2581687  -1.2348010  -1.2107626  -1.1876877  -1.1661605
  -1.1462863  -1.1275093  -1.1088522  -1.0905354  -1.0735050  -1.0574221  -1.0428986
  -1.0299073  -1.0171221  -1.0033590  -0.9881108  -0.9706286  -0.9504578  -0.9282456
  -0.9047836  -0.8799975  -0.8548713  -0.8293378  -0.8024688  -0.7740302  -0.7441105
  -0.7133520  -0.6831150  -0.6552321  -0.6307624  -0.6097218  -0.5919077  -0.5757321
  -0.5599214  -0.5440741  -0.5276144  -0.5107491  -0.4934328  -0.4752326  -0.4559424
  -0.4354990  -0.4141655  -0.3925548  -0.3715239  -0.3516027  -0.3327050  -0.3148260
  -0.2971789  -0.2791242  -0.2605823  -0.2411791  -0.2211903  -0.2007454  -0.1796757
  -0.1580469  -0.1357971  -0.1130796  -0.0899647  -0.0666704  -0.0436612  -0.0209582
   0.0011380   0.0228320   0.0444019   0.0656648   0.0867718   0.1075607   0.1278990
   0.1476486   0.1664806   0.1845558   0.2018539   0.2185531   0.2348488   0.2506039
   0.2660091   0.2810196   0.2956404   0.3099362   0.3239185   0.3378797   0.3519511
   0.3665019   0.3818564   0.3978121   0.4144580   0.4315022   0.4487485   0.4661959
   0.4836647   0.5010313   0.5178217   0.5334995   0.5473599   0.5589419   0.5683663
   0.5758664   0.5821489   0.5876986   0.5926478   0.5971967   0.6010955   0.6021818
   0.6031509   0.6044308   0.6062917   0.6089942
   0.0000000   0.0000000   0.0000000   0.0000000   0.0000000   0.0000000   0.0000000
   0.0000000   0.0000000   0.0000000   0.0000000   0.0000000   0.0000000   0.0000000
   0.0000000   0.0000000   0.0000000   0.0000000   0.0000000   0.0000000   0.0000000
   0.0000000   0.0000000   0.0000000   0.0000000   0.0000000   0.0000000   0.0000000
   0.0000000   0.0000000   0.0000000   0.0000000   0.0000000   0.0000000   0.0000000
   0.0000000   0.0000000   0.0000000   0.0000000   0.0000000   0.0000000   0.0000000
   0.0000000   0.0000000   0.0000000   0.0000000   0.0000000   0.0000000   0.0000000
   0.0000000   0.0000000   0.0000000   0.0000000   0.0000000   0.0000000   0.0000000
   0.0000000   0.0000000   0.0000000   0.0000000   0.0000000   0.0000000   0.0000000
   0.0000000   0.0000000   0.0000000   0.0000000   0.0000000   0.0000000   0.0000000
   0.0000000   0.0000000   0.0000000   0.0000000   0.0000000   0.0000000   0.0000000
   0.0000000   0.0000000   0.0000000   0.0000000   0.0000000   0.0000000   0.0000000
   0.0000000   0.0000000   0.0000000   0.0000000   0.0000000   0.0000000   0.0000000
   0.0000000   0.0000000   0.0000000   0.0000000   0.0000000   0.0000000   0.0000000
   0.0000000   0.0000000   0.0000000   0.0000000   0.0000000   0.0000000   0.0000000
   0.0000000   0.0000000   0.0000000   0.0000000   0.0000000   0.0000000   0.0000000
   0.0000000   0.0000000   0.0000000   0.0000000   0.0000000   0.0000000   0.0000000
   0.0000000   0.0000000   0.0000000   0.0000000   0.0000000   0.0000000   0.0000000
   0.0000000   0.0000000   0.0000000   0.0000000   0.0000000   0.0000000   0.0000000
   0.0000000   0.0000000   0.0000000   0.0000000   0.0000000   0.0000000   0.0000000
   0.0000000   0.0000000   0.0000000   0.0000000   0.0000000   0.0000000   0.0000000
   0.0000000   0.0000000   0.0000000   0.0000000   0.0000000   0.0000000   0.0000000
   0.0000000   0.0000000   0.0000000   0.0000000   0.0000000   0.0000000   0.0000000
   0.0000000   0.0000000   0.0000000   0.0000000   0.0000000   0.0000000   0.0000000
   0.0000000   0.0000000   0.0000000   0.0000000   0.0000000   0.0000000   0.0000000
   0.0000000   0.0000000   0.0000000   0.0000000   0.0000000   0.0000000   0.0000000
   0.0000000   0.0000000   0.0000000   0.0000000
  -0.1494868  -0.1221948  -0.0812803  -0.0306759   0.0271751   0.0856815   0.1682576
   0.2537964   0.3406925   0.4277607   0.5135757   0.5954544   0.6678796   0.7266665
   0.7713292   0.8015835   0.8227890   0.8404522   0.8574308   0.8746794   0.8910671
   0.9049208   0.9141011   0.9181117   0.9162267   0.9077896   0.8914423   0.8647615
   0.8277942   0.7808826   0.7257712   0.6653857   0.6021036   0.5383680   0.4755399
   0.4161206   0.3625635   0.3179072   0.2842259   0.2613862   0.2488923   0.2453854
   0.2496404   0.2604761   0.2761439   0.2934232   0.3072354   0.3131104   0.3087156
   0.2932811   0.2688765   0.2384069   0.2032861   0.1642658   0.1222544   0.0785959
   0.0364600   0.0000894  -0.0277595  -0.0467322  -0.0575189  -0.0640336  -0.0699844
  -0.0767616  -0.0850555  -0.0944030  -0.1038328  -0.1131480  -0.1229332  -0.1334171
  -0.1453153  -0.1588793  -0.1733167  -0.1876174  -0.2019765  -0.2159310  -0.2298260
  -0.2449997  -0.2620562  -0.2810716  -0.3017376  -0.3231021  -0.3437527  -0.3626783
  -0.3796090  -0.3941304  -0.4065294  -0.4171442  -0.4260968  -0.4336737  -0.4401591
  -0.4459944  -0.4514454  -0.4566792  -0.4620007  -0.4675469  -0.4737029  -0.4809699
  -0.4894730  -0.4992145  -0.5098590  -0.5208039  -0.5315306  -0.5417432  -0.5513658
  -0.5603617  -0.5689198  -0.5769998  -0.5843149  -0.5909146  -0.5966566  -0.6015672
  -0.6058588  -0.6097296  -0.6132791  -0.6165875  -0.6196958  -0.6224291  -0.6246551
  -0.6264318  -0.6277444  -0.6287234  -0.6296028  -0.6305512  -0.6316157  -0.6328002
  -0.6340233  -0.6351359  -0.6360756  -0.6368466  -0.6374749  -0.6380807  -0.6387809
  -0.6396022  -0.6405542  -0.6415932  -0.6427015  -0.6438550  -0.6450213  -0.6461336
  -0.6470281  -0.6474906  -0.6472974  -0.6463481  -0.6445817  -0.6420550  -0.6388519
  -0.6349487  -0.6304180  -0.6252979  -0.6196865  -0.6137395  -0.6076199  -0.6015464
  -0.5955936  -0.5899243  -0.5846090  -0.5796990  -0.5752753  -0.5712929  -0.5677061
  -0.5643617  -0.5611782  -0.5581997  -0.5554003  -0.5528834  -0.5507420  -0.5489977
  -0.5475894  -0.5464798  -0.5455963  -0.5448388  -0.5442542  -0.5439116  -0.5438023
  -0.5440050  -0.5445767  -0.5454461  -0.5464820  -0.5476477  -0.5487670  -0.5489076
  -0.5491204  -0.5495325  -0.5502381  -0.5513480
   0.0000000   0.0000000   0.0000000   0.0000000   0.0000000   0.0000000   0.0000000
   0.0000000   0.0000000   0.0000000   0.0000000   0.0000000   0.0000000   0.0000000
   0.0000000   0.0000000   0.0000000   0.0000000   0.0000000   0.0000000   0.0000000
   0.0000000   0.0000000   0.0000000   0.0000000   0.0000000   0.0000000   0.0000000
   0.0000000   0.0000000   0.0000000   0.0000000   0.0000000   0.0000000   0.0000000
   0.0000000   0.0000000   0.0000000   0.0000000   0.0000000   0.0000000   0.0000000
   0.0000000   0.0000000   0.0000000   0.0000000   0.0000000   0.0000000   0.0000000
   0.0000000   0.0000000   0.0000000   0.0000000   0.0000000   0.0000000   0.0000000
   0.0000000   0.0000000   0.0000000   0.0000000   0.0000000   0.0000000   0.0000000
   0.0000000   0.0000000   0.0000000   0.0000000   0.0000000   0.0000000   0.0000000
   0.0000000   0.0000000   0.0000000   0.0000000   0.0000000   0.0000000   0.0000000
   0.0000000   0.0000000   0.0000000   0.0000000   0.0000000   0.0000000   0.0000000
   0.0000000   0.0000000   0.0000000   0.0000000   0.0000000   0.0000000   0.0000000
   0.0000000   0.0000000   0.0000000   0.0000000   0.0000000   0.0000000   0.0000000
   0.0000000   0.0000000   0.0000000   0.0000000   0.0000000   0.0000000   0.0000000
   0.0000000   0.0000000   0.0000000   0.0000000   0.0000000   0.0000000   0.0000000
   0.0000000   0.0000000   0.0000000   0.0000000   0.0000000   0.0000000   0.0000000
   0.0000000   0.0000000   0.0000000   0.0000000   0.0000000   0.0000000   0.0000000
   0.0000000   0.0000000   0.0000000   0.0000000   0.0000000   0.0000000   0.0000000
   0.0000000   0.0000000   0.0000000   0.0000000   0.0000000   0.0000000   0.0000000
   0.0000000   0.0000000   0.0000000   0.0000000   0.0000000   0.0000000   0.0000000
   0.0000000   0.0000000   0.0000000   0.0000000   0.0000000   0.0000000   0.0000000
   0.0000000   0.0000000   0.0000000   0.0000000   0.0000000   0.0000000   0.0000000
   0.0000000   0.0000000   0.0000000   0.0000000   0.0000000   0.0000000   0.0000000
   0.0000000   0.0000000   0.0000000   0.0000000   0.0000000   0.0000000   0.0000000
   0.0000000   0.0000000   0.0000000   0.0000000   0.0000000   0.0000000   0.0000000
   0.0000000   0.0000000   0.0000000   0.0000000
  -0.7387912  -0.7231307  -0.6834800  -0.6278690  -0.5616482  -0.4932875  -0.4102894
  -0.3222856  -0.2295012  -0.1335903  -0.0367890   0.0549839   0.1314745   0.1850287
   0.2157060   0.2247420   0.2183643   0.2047042   0.1887783   0.1731178   0.1601245
   0.1525017   0.1518249   0.1593496   0.1750876   0.1966749   0.2210825   0.2459376
   0.2698819   0.2914646   0.3088243   0.3189422   0.3178930   0.3036913   0.2756701
   0.2352702   0.1856142   0.1291952   0.0686740   0.0056681  -0.0568362  -0.1150912
  -0.1652485  -0.2051416  -0.2343313  -0.2531329  -0.2638583  -0.2677972  -0.2655992
  -0.2588674  -0.2498417  -0.2427822  -0.2419583  -0.2497894  -0.2667992  -0.2909322
  -0.3186529  -0.3473094  -0.3759215  -0.4039447  -0.4313115  -0.4574394  -0.4804699
  -0.4988294  -0.5126419  -0.5221773  -0.5302272  -0.5400470  -0.5533830  -0.5708448
  -0.5917819  -0.6148002  -0.6385724  -0.6624235  -0.6861501  -0.7095675  -0.7327978
  -0.7555246  -0.7770100  -0.7970779  -0.8150569  -0.8309135  -0.8449049  -0.8573047
  -0.8683818  -0.8784623  -0.8878863  -0.8964728  -0.9039996  -0.9107748  -0.9168828
  -0.9228794  -0.9296694  -0.9377094  -0.9471212  -0.9577418  -0.9690842  -0.9805832
  -0.9918517  -1.0027971  -1.0132850  -1.0234878  -1.0334742  -1.0430025  -1.0520652
  -1.0603791  -1.0677199  -1.0739447  -1.0790362  -1.0830420  -1.0859981  -1.0879324
  -1.0886986  -1.0882497  -1.0867426  -1.0844819  -1.0819732  -1.0797676  -1.0782524
  -1.0776203  -1.0779881  -1.0794155  -1.0820028  -1.0857966  -1.0908410  -1.0970082
  -1.1040740  -1.1118871  -1.1201782  -1.1288390  -1.1376402  -1.1464295  -1.1550530
  -1.1632789  -1.1710076  -1.1779944  -1.1841624  -1.1893587  -1.1934483  -1.1964316
  -1.1982697  -1.1989994  -1.1985967  -1.1971066  -1.1945948  -1.1912343  -1.1872983
  -1.1829734  -1.1784618  -1.1738299  -1.1691306  -1.1643709  -1.1595984  -1.1549233
  -1.1503355  -1.1459264  -1.1416393  -1.1373674  -1.1331070  -1.1288079  -1.1244593
  -1.1200189  -1.1154804  -1.1109231  -1.1063717  -1.1019636  -1.0977022  -1.0936214
  -1.0897985  -1.0863082  -1.0834021  -1.0813356  -1.0804215  -1.0808220  -1.0826482
  -1.0859441  -1.0908572  -1.0976178  -1.1060265  -1.1158849  -1.1264851  -1.1315823
  -1.1372421  -1.1433408  -1.1499129  -1.1569128
   0.0000000   0.0000000   0.0000000   0.0000000   0.0000000   0.0000000   0.0000000
   0.0000000   0.0000000   0.0000000   0.0000000   0.0000000   0.0000000   0.0000000
   0.0000000   0.0000000   0.0000000   0.0000000   0.0000000   0.0000000   0.0000000
   0.0000000   0.0000000   0.0000000   0.0000000   0.0000000   0.0000000   0.0000000
   0.0000000   0.0000000   0.0000000   0.0000000   0.0000000   0.0000000   0.0000000
   0.0000000   0.0000000   0.0000000   0.0000000   0.0000000   0.0000000   0.0000000
   0.0000000   0.0000000   0.0000000   0.0000000   0.0000000   0.0000000   0.0000000
   0.0000000   0.0000000   0.0000000   0.0000000   0.0000000   0.0000000   0.0000000
   0.0000000   0.0000000   0.0000000   0.0000000   0.0000000   0.0000000   0.0000000
   0.0000000   0.0000000   0.0000000   0.0000000   0.0000000   0.0000000   0.0000000
   0.0000000   0.0000000   0.0000000   0.0000000   0.0000000   0.0000000   0.0000000
   0.0000000   0.0000000   0.0000000   0.0000000   0.0000000   0.0000000   0.0000000
   0.0000000   0.0000000   0.0000000   0.0000000   0.0000000   0.0000000   0.0000000
   0.0000000   0.0000000   0.0000000   0.0000000   0.0000000   0.0000000   0.0000000
   0.0000000   0.0000000   0.0000000   0.0000000   0.0000000   0.0000000   0.0000000
   0.0000000   0.0000000   0.0000000   0.0000000   0.0000000   0.0000000   0.0000000
   0.0000000   0.0000000   0.0000000   0.0000000   0.0000000   0.0000000   0.0000000
   0.0000000   0.0000000   0.0000000   0.0000000   0.0000000   0.0000000   0.0000000
   0.0000000   0.0000000   0.0000000   0.0000000   0.0000000   0.0000000   0.0000000
   0.0000000   0.0000000   0.0000000   0.0000000   0.0000000   0.0000000   0.0000000
   0.0000000   0.0000000   0.0000000   0.0000000   0.0000000   0.0000000   0.0000000
   0.0000000   0.0000000   0.0000000   0.0000000   0.0000000   0.0000000   0.0000000
   0.0000000   0.0000000   0.0000000   0.0000000   0.0000000   0.0000000   0.0000000
   0.0000000   0.0000000   0.0000000   0.0000000   0.0000000   0.0000000   0.0000000
   0.0000000   0.0000000   0.0000000   0.0000000   0.0000000   0.0000000   0.0000000
   0.0000000   0.0000000   0.0000000   0.0000000   0.0000000   0.0000000   0.0000000
   0.0000000   0.0000000   0.0000000   0.0000000
 0.3703239  0.6867509      ! Amplitude Factors
 115.0                     ! Antenna Bearing
 DUCK                      ! Site Code
 36.1803167  -75.7501500   ! Site Lat Lon
 1.0                       ! Degree Resolution
 10.0                      ! Degree Smoothing
 2014 11 04  19 56 00      ! Date Year Mo Day Hr Mn Sec
 
 8B7DA6A2-1857-449B-ABD0-FF1464534562   ! UUID
 -118.4     -118.4         ! Phase Corrections
