  58
   0   5.85100    1
   0  11.70200    2
   1  17.55300    3
 265.0 
 180.0 
   1  23.40400    4
 265.0 
 180.0 
   1  29.26500    5
 265.0 
 180.0 
   1  35.10600    6
 265.0 
 180.0 
   1  40.95700    7
 265.0 
 180.0 
   1  46.80800    8
 265.0 
 180.0 
   1  52.65900    9
 265.0 
 180.0 
   1  58.51000   10
 265.0 
 180.0 
   1  64.36100   11
 265.0 
 180.0 
   1  70.21200   12
 265.0 
 180.0 
   1  76.06300   13
 265.0 
 180.0 
   1  81.91400   14
 265.0 
 180.0 
   1  87.76500   15
 265.0 
 180.0 
   1  93.61600   16
 265.0 
 180.0 
   1  99.46700   17
 265.0 
 180.0 
   1 105.31800   18
 265.0 
 180.0 
   1 111.16900   19
 265.0 
 180.0 
   1 117.02000   20
 265.0 
 180.0 
   1 122.87100   21
 265.0 
 180.0 
   1 128.72200   22
 265.0 
 180.0 
   1 134.57300   23
 265.0 
 180.0 
   1 140.42400   24
 265.0 
 180.0 
   1 146.27500   25
 265.0 
 180.0 
   1 152.12600   26
 265.0 
 180.0 
   1 157.97700   27
 265.0 
 180.0 
   1 163.82800   28
 265.0 
 180.0 
   1 169.67900   29
 265.0 
 180.0 
   1 175.53000   30
 265.0 
 180.0 
   1 181.38100   31
 265.0 
 180.0 
   1 187.23200   32
 265.0 
 180.0 
   1 193.08300   33
 265.0 
 180.0 
   1 198.93400   34
 265.0 
 180.0 
   1 204.78500   35
 265.0 
 180.0 
   1 210.63600   36
 265.0 
 180.0 
   1 216.48700   37
 265.0 
 180.0 
   1 222.33800   38
 265.0 
 180.0 
   1 228.18900   39
 265.0 
 180.0 
   1 234.04000   40
 265.0 
 180.0 
   1 239.89100   41
 265.0 
 180.0 
   1 245.74200   42
 265.0 
 180.0 
   1 251.59300   43
 265.0 
 180.0 
   1 257.44400   44
 265.0 
 180.0 
   1 263.29500   45
 265.0 
 180.0 
   1 269.14600   46
 265.0 
 180.0 
   1 274.99700   47
 265.0 
 180.0 
   1 280.84800   48
 265.0 
 180.0 
   1 286.69900   49
 265.0 
 180.0 
   1 292.55000   50
 265.0 
 180.0 
   1 298.40100   51
 265.0 
 180.0 
   1 304.25200   52
 265.0 
 180.0 
   1 310.10300   53
 265.0 
 180.0 
   1 315.95400   54
 265.0 
 180.0 
   1 321.80500   55
 265.0 
 180.0 
   1 327.65600   56
 265.0 
 180.0 
   1 333.50700   57
 265.0 
 180.0 
   1 339.35800   58
 265.0 
 180.0 
