 188
      -102.0      -101.0      -100.0       -99.0       -98.0       -97.0       -96.0
       -95.0       -94.0       -93.0       -92.0       -91.0       -90.0       -89.0
       -88.0       -87.0       -86.0       -85.0       -84.0       -83.0       -82.0
       -81.0       -80.0       -79.0       -78.0       -77.0       -76.0       -75.0
       -74.0       -73.0       -72.0       -71.0       -70.0       -69.0       -68.0
       -67.0       -66.0       -65.0       -64.0       -63.0       -62.0       -61.0
       -60.0       -59.0       -58.0       -57.0       -56.0       -55.0       -54.0
       -53.0       -52.0       -51.0       -50.0       -49.0       -48.0       -47.0
       -46.0       -45.0       -44.0       -43.0       -42.0       -41.0       -40.0
       -39.0       -38.0       -37.0       -36.0       -35.0       -34.0       -33.0
       -32.0       -31.0       -30.0       -29.0       -28.0       -27.0       -26.0
       -25.0       -24.0       -23.0       -22.0       -21.0       -20.0       -19.0
       -18.0       -17.0       -16.0       -15.0       -14.0       -13.0       -12.0
       -11.0       -10.0        -9.0        -8.0        -7.0        -6.0        -5.0
        -4.0        -3.0        -2.0        -1.0         0.0         1.0         2.0
         3.0         4.0         5.0         6.0         7.0         8.0         9.0
        10.0        11.0        12.0        13.0        14.0        15.0        16.0
        17.0        18.0        19.0        20.0        21.0        22.0        23.0
        24.0        25.0        26.0        27.0        28.0        29.0        30.0
        31.0        32.0        33.0        34.0        35.0        36.0        37.0
        38.0        39.0        40.0        41.0        42.0        43.0        44.0
        45.0        46.0        47.0        48.0        49.0        50.0        51.0
        52.0        53.0        54.0        55.0        56.0        57.0        58.0
        59.0        60.0        61.0        62.0        63.0        64.0        65.0
        66.0        67.0        68.0        69.0        70.0        71.0        72.0
        73.0        74.0        75.0        76.0        77.0        78.0        79.0
        80.0        81.0        82.0        83.0        84.0        85.0
  -0.0704468  -0.0744483  -0.0785135  -0.0879460  -0.0941993  -0.0991437  -0.1105770
  -0.1195702  -0.1289084  -0.1392872  -0.1475985  -0.1515124  -0.1558915  -0.1614765
  -0.1684489  -0.1764030  -0.1843038  -0.1908318  -0.1950155  -0.1997681  -0.2046762
  -0.2086147  -0.2178841  -0.2292845  -0.2412792  -0.2542603  -0.2658463  -0.2742850
  -0.2830451  -0.2876493  -0.2922332  -0.2979781  -0.3058412  -0.3146108  -0.3257732
  -0.3348124  -0.3439237  -0.3507729  -0.3580302  -0.3655435  -0.3719413  -0.3815325
  -0.3908388  -0.3955464  -0.3965902  -0.4011493  -0.4031831  -0.4054017  -0.4109576
  -0.4158678  -0.4173091  -0.4194067  -0.4223883  -0.4237370  -0.4262968  -0.4311884
  -0.4364768  -0.4396312  -0.4437036  -0.4446578  -0.4436065  -0.4422230  -0.4455684
  -0.4461840  -0.4477332  -0.4527327  -0.4559449  -0.4556534  -0.4601813  -0.4628752
  -0.4577338  -0.4548829  -0.4548744  -0.4511578  -0.4507107  -0.4531136  -0.4553399
  -0.4551227  -0.4567647  -0.4601401  -0.4629917  -0.4638304  -0.4621664  -0.4583622
  -0.4516902  -0.4487282  -0.4474152  -0.4476119  -0.4541484  -0.4665770  -0.4600576
  -0.4537887  -0.4490524  -0.4376340  -0.4235315  -0.4209232  -0.4127903  -0.4067527
  -0.3961374  -0.3770921  -0.3721881  -0.3673573  -0.3561257  -0.3463206  -0.3450336
  -0.3384958  -0.3372595  -0.3339286  -0.3330479  -0.3288088  -0.3169684  -0.3062486
  -0.2983716  -0.2863689  -0.2727769  -0.2639802  -0.2577451  -0.2515210  -0.2516421
  -0.2505588  -0.2466395  -0.2433785  -0.2359201  -0.2247584  -0.2176296  -0.2119599
  -0.1972152  -0.1844752  -0.1770727  -0.1698576  -0.1626231  -0.1543290  -0.1484200
  -0.1438955  -0.1327685  -0.1246315  -0.1195009  -0.1104521  -0.0948394  -0.0848261
  -0.0809872  -0.0685112  -0.0607352  -0.0548371  -0.0447265  -0.0232725  -0.0126772
  -0.0029489   0.0150141   0.0279260   0.0362356   0.0495979   0.0624628   0.0713501
   0.0816351   0.0953787   0.1070284   0.1170721   0.1271290   0.1422319   0.1575301
   0.1727062   0.1907297   0.2029696   0.2118479   0.2268350   0.2394299   0.2498809
   0.2647378   0.2790373   0.2917313   0.3031530   0.3120218   0.3172344   0.3217038
   0.3106544   0.3106563   0.3254479   0.3453757   0.3564097   0.3733537   0.3888560
   0.3904659   0.3853945   0.3924088   0.4020106   0.4012957   0.4043037
   0.0000000   0.0000000   0.0000000   0.0000000   0.0000000   0.0000000   0.0000000
   0.0000000   0.0000000   0.0000000   0.0000000   0.0000000   0.0000000   0.0000000
   0.0000000   0.0000000   0.0000000   0.0000000   0.0000000   0.0000000   0.0000000
   0.0000000   0.0000000   0.0000000   0.0000000   0.0000000   0.0000000   0.0000000
   0.0000000   0.0000000   0.0000000   0.0000000   0.0000000   0.0000000   0.0000000
   0.0000000   0.0000000   0.0000000   0.0000000   0.0000000   0.0000000   0.0000000
   0.0000000   0.0000000   0.0000000   0.0000000   0.0000000   0.0000000   0.0000000
   0.0000000   0.0000000   0.0000000   0.0000000   0.0000000   0.0000000   0.0000000
   0.0000000   0.0000000   0.0000000   0.0000000   0.0000000   0.0000000   0.0000000
   0.0000000   0.0000000   0.0000000   0.0000000   0.0000000   0.0000000   0.0000000
   0.0000000   0.0000000   0.0000000   0.0000000   0.0000000   0.0000000   0.0000000
   0.0000000   0.0000000   0.0000000   0.0000000   0.0000000   0.0000000   0.0000000
   0.0000000   0.0000000   0.0000000   0.0000000   0.0000000   0.0000000   0.0000000
   0.0000000   0.0000000   0.0000000   0.0000000   0.0000000   0.0000000   0.0000000
   0.0000000   0.0000000   0.0000000   0.0000000   0.0000000   0.0000000   0.0000000
   0.0000000   0.0000000   0.0000000   0.0000000   0.0000000   0.0000000   0.0000000
   0.0000000   0.0000000   0.0000000   0.0000000   0.0000000   0.0000000   0.0000000
   0.0000000   0.0000000   0.0000000   0.0000000   0.0000000   0.0000000   0.0000000
   0.0000000   0.0000000   0.0000000   0.0000000   0.0000000   0.0000000   0.0000000
   0.0000000   0.0000000   0.0000000   0.0000000   0.0000000   0.0000000   0.0000000
   0.0000000   0.0000000   0.0000000   0.0000000   0.0000000   0.0000000   0.0000000
   0.0000000   0.0000000   0.0000000   0.0000000   0.0000000   0.0000000   0.0000000
   0.0000000   0.0000000   0.0000000   0.0000000   0.0000000   0.0000000   0.0000000
   0.0000000   0.0000000   0.0000000   0.0000000   0.0000000   0.0000000   0.0000000
   0.0000000   0.0000000   0.0000000   0.0000000   0.0000000   0.0000000   0.0000000
   0.0000000   0.0000000   0.0000000   0.0000000   0.0000000   0.0000000   0.0000000
   0.0000000   0.0000000   0.0000000   0.0000000   0.0000000   0.0000000
   0.4056738   0.4073844   0.4099015   0.4182287   0.4234166   0.4280580   0.4339394
   0.4396362   0.4442992   0.4486109   0.4546280   0.4618791   0.4695979   0.4751702
   0.4828087   0.4894150   0.4971180   0.5044633   0.5141726   0.5264780   0.5331039
   0.5388334   0.5448804   0.5513368   0.5569757   0.5627578   0.5700469   0.5789868
   0.5888628   0.5969863   0.6078960   0.6158059   0.6211896   0.6253998   0.6262230
   0.6286248   0.6347757   0.6383261   0.6422860   0.6492098   0.6549892   0.6593039
   0.6636170   0.6651298   0.6697448   0.6724627   0.6728529   0.6774289   0.6843424
   0.6910110   0.6985671   0.7041328   0.7066300   0.7106879   0.7135870   0.7175933
   0.7252711   0.7329183   0.7386656   0.7420767   0.7439050   0.7449331   0.7478828
   0.7496048   0.7495156   0.7490500   0.7493129   0.7463463   0.7440940   0.7432707
   0.7429971   0.7443062   0.7477205   0.7490760   0.7474639   0.7466073   0.7442669
   0.7419716   0.7428059   0.7446320   0.7432293   0.7350091   0.7290764   0.7165453
   0.7103488   0.7038686   0.7009600   0.6964989   0.7005922   0.6982609   0.7005670
   0.6941019   0.6892424   0.6822187   0.6730126   0.6597434   0.6559491   0.6448948
   0.6300006   0.6193891   0.6176038   0.6169910   0.6149088   0.6115652   0.6122832
   0.6034654   0.5925835   0.5890082   0.5787422   0.5668061   0.5612701   0.5567422
   0.5539921   0.5587291   0.5579586   0.5465353   0.5374874   0.5221803   0.5064395
   0.4948741   0.4866724   0.4771325   0.4700190   0.4605351   0.4502219   0.4430802
   0.4363589   0.4260075   0.4219740   0.4143974   0.4082059   0.4019833   0.3947272
   0.3805787   0.3679713   0.3491460   0.3262853   0.3072930   0.2865830   0.2606881
   0.2405641   0.2354084   0.2271805   0.2208194   0.2230013   0.2238303   0.2101248
   0.1988567   0.1910620   0.1847501   0.1734699   0.1618975   0.1523487   0.1462980
   0.1385817   0.1342590   0.1288584   0.1216577   0.1124839   0.1010631   0.0895145
   0.0844370   0.0790628   0.0718085   0.0683985   0.0610549   0.0453244   0.0304090
   0.0182606   0.0063792  -0.0063013  -0.0112701  -0.0162503  -0.0251175  -0.0446202
  -0.0500324  -0.0540483  -0.0587325  -0.0641576  -0.0682730  -0.0791366  -0.0920320
  -0.1002500  -0.1096838  -0.1085146  -0.1083350  -0.1082946  -0.1121564
   0.0000000   0.0000000   0.0000000   0.0000000   0.0000000   0.0000000   0.0000000
   0.0000000   0.0000000   0.0000000   0.0000000   0.0000000   0.0000000   0.0000000
   0.0000000   0.0000000   0.0000000   0.0000000   0.0000000   0.0000000   0.0000000
   0.0000000   0.0000000   0.0000000   0.0000000   0.0000000   0.0000000   0.0000000
   0.0000000   0.0000000   0.0000000   0.0000000   0.0000000   0.0000000   0.0000000
   0.0000000   0.0000000   0.0000000   0.0000000   0.0000000   0.0000000   0.0000000
   0.0000000   0.0000000   0.0000000   0.0000000   0.0000000   0.0000000   0.0000000
   0.0000000   0.0000000   0.0000000   0.0000000   0.0000000   0.0000000   0.0000000
   0.0000000   0.0000000   0.0000000   0.0000000   0.0000000   0.0000000   0.0000000
   0.0000000   0.0000000   0.0000000   0.0000000   0.0000000   0.0000000   0.0000000
   0.0000000   0.0000000   0.0000000   0.0000000   0.0000000   0.0000000   0.0000000
   0.0000000   0.0000000   0.0000000   0.0000000   0.0000000   0.0000000   0.0000000
   0.0000000   0.0000000   0.0000000   0.0000000   0.0000000   0.0000000   0.0000000
   0.0000000   0.0000000   0.0000000   0.0000000   0.0000000   0.0000000   0.0000000
   0.0000000   0.0000000   0.0000000   0.0000000   0.0000000   0.0000000   0.0000000
   0.0000000   0.0000000   0.0000000   0.0000000   0.0000000   0.0000000   0.0000000
   0.0000000   0.0000000   0.0000000   0.0000000   0.0000000   0.0000000   0.0000000
   0.0000000   0.0000000   0.0000000   0.0000000   0.0000000   0.0000000   0.0000000
   0.0000000   0.0000000   0.0000000   0.0000000   0.0000000   0.0000000   0.0000000
   0.0000000   0.0000000   0.0000000   0.0000000   0.0000000   0.0000000   0.0000000
   0.0000000   0.0000000   0.0000000   0.0000000   0.0000000   0.0000000   0.0000000
   0.0000000   0.0000000   0.0000000   0.0000000   0.0000000   0.0000000   0.0000000
   0.0000000   0.0000000   0.0000000   0.0000000   0.0000000   0.0000000   0.0000000
   0.0000000   0.0000000   0.0000000   0.0000000   0.0000000   0.0000000   0.0000000
   0.0000000   0.0000000   0.0000000   0.0000000   0.0000000   0.0000000   0.0000000
   0.0000000   0.0000000   0.0000000   0.0000000   0.0000000   0.0000000   0.0000000
   0.0000000   0.0000000   0.0000000   0.0000000   0.0000000   0.0000000
   0.6320981   0.6316339   0.6273703   0.6204968   0.6117396   0.6050173   0.5963400
   0.5882684   0.5823305   0.5781494   0.5711095   0.5611965   0.5538160   0.5434482
   0.5324304   0.5225868   0.5160067   0.5056780   0.4943427   0.4840574   0.4729097
   0.4577036   0.4453574   0.4351567   0.4238203   0.4118139   0.4010390   0.3901453
   0.3757965   0.3600516   0.3460389   0.3319820   0.3178682   0.3041220   0.2905261
   0.2765032   0.2629402   0.2471285   0.2342684   0.2218036   0.2096284   0.1957149
   0.1847890   0.1719219   0.1551783   0.1384023   0.1212997   0.0984379   0.0747131
   0.0555410   0.0366374   0.0227408   0.0116549   0.0028170  -0.0065820  -0.0168872
  -0.0278025  -0.0383867  -0.0552058  -0.0752266  -0.0957592  -0.1166927  -0.1348604
  -0.1473282  -0.1582991  -0.1704086  -0.1842232  -0.2009925  -0.2191512  -0.2353638
  -0.2509050  -0.2676475  -0.2836469  -0.2971892  -0.3130362  -0.3283649  -0.3428103
  -0.3598500  -0.3805936  -0.3953500  -0.4135766  -0.4312407  -0.4460931  -0.4598037
  -0.4773832  -0.4959722  -0.5134099  -0.5263649  -0.5400177  -0.5540154  -0.5617906
  -0.5714356  -0.5878048  -0.6037296  -0.6234425  -0.6433131  -0.6559555  -0.6662198
  -0.6701669  -0.6667294  -0.6706160  -0.6867855  -0.6975380  -0.7100955  -0.7233910
  -0.7354445  -0.7451465  -0.7581774  -0.7689038  -0.7883211  -0.7997686  -0.8031295
  -0.8056871  -0.8132008  -0.8130360  -0.8159696  -0.8251572  -0.8326494  -0.8345374
  -0.8395280  -0.8458224  -0.8516161  -0.8646270  -0.8797755  -0.8902045  -0.8997687
  -0.9073522  -0.9095248  -0.9190248  -0.9325570  -0.9501001  -0.9645411  -0.9765749
  -0.9809060  -0.9855261  -0.9885316  -0.9905609  -0.9930656  -0.9998517  -1.0001008
  -1.0018496  -1.0113148  -1.0223720  -1.0270861  -1.0356174  -1.0348373  -1.0331244
  -1.0354604  -1.0440908  -1.0470132  -1.0497313  -1.0570843  -1.0648736  -1.0634330
  -1.0691044  -1.0786369  -1.0713572  -1.0627565  -1.0564835  -1.0491213  -1.0336212
  -1.0287856  -1.0258591  -1.0290241  -1.0347513  -1.0442498  -1.0496203  -1.0490684
  -1.0432796  -1.0324927  -1.0218694  -1.0164877  -1.0205276  -1.0170586  -1.0057482
  -1.0167896  -1.0190140  -1.0314476  -1.0318286  -1.0320056  -1.0076604  -0.9926524
  -0.9624871  -0.9514223  -0.9604131  -0.9660382  -0.9696238  -0.9699582
   0.0000000   0.0000000   0.0000000   0.0000000   0.0000000   0.0000000   0.0000000
   0.0000000   0.0000000   0.0000000   0.0000000   0.0000000   0.0000000   0.0000000
   0.0000000   0.0000000   0.0000000   0.0000000   0.0000000   0.0000000   0.0000000
   0.0000000   0.0000000   0.0000000   0.0000000   0.0000000   0.0000000   0.0000000
   0.0000000   0.0000000   0.0000000   0.0000000   0.0000000   0.0000000   0.0000000
   0.0000000   0.0000000   0.0000000   0.0000000   0.0000000   0.0000000   0.0000000
   0.0000000   0.0000000   0.0000000   0.0000000   0.0000000   0.0000000   0.0000000
   0.0000000   0.0000000   0.0000000   0.0000000   0.0000000   0.0000000   0.0000000
   0.0000000   0.0000000   0.0000000   0.0000000   0.0000000   0.0000000   0.0000000
   0.0000000   0.0000000   0.0000000   0.0000000   0.0000000   0.0000000   0.0000000
   0.0000000   0.0000000   0.0000000   0.0000000   0.0000000   0.0000000   0.0000000
   0.0000000   0.0000000   0.0000000   0.0000000   0.0000000   0.0000000   0.0000000
   0.0000000   0.0000000   0.0000000   0.0000000   0.0000000   0.0000000   0.0000000
   0.0000000   0.0000000   0.0000000   0.0000000   0.0000000   0.0000000   0.0000000
   0.0000000   0.0000000   0.0000000   0.0000000   0.0000000   0.0000000   0.0000000
   0.0000000   0.0000000   0.0000000   0.0000000   0.0000000   0.0000000   0.0000000
   0.0000000   0.0000000   0.0000000   0.0000000   0.0000000   0.0000000   0.0000000
   0.0000000   0.0000000   0.0000000   0.0000000   0.0000000   0.0000000   0.0000000
   0.0000000   0.0000000   0.0000000   0.0000000   0.0000000   0.0000000   0.0000000
   0.0000000   0.0000000   0.0000000   0.0000000   0.0000000   0.0000000   0.0000000
   0.0000000   0.0000000   0.0000000   0.0000000   0.0000000   0.0000000   0.0000000
   0.0000000   0.0000000   0.0000000   0.0000000   0.0000000   0.0000000   0.0000000
   0.0000000   0.0000000   0.0000000   0.0000000   0.0000000   0.0000000   0.0000000
   0.0000000   0.0000000   0.0000000   0.0000000   0.0000000   0.0000000   0.0000000
   0.0000000   0.0000000   0.0000000   0.0000000   0.0000000   0.0000000   0.0000000
   0.0000000   0.0000000   0.0000000   0.0000000   0.0000000   0.0000000   0.0000000
   0.0000000   0.0000000   0.0000000   0.0000000   0.0000000   0.0000000
  -0.3691865  -0.3714915  -0.3707373  -0.3691842  -0.3676664  -0.3659652  -0.3622157
  -0.3618798  -0.3596234  -0.3563356  -0.3547096  -0.3533405  -0.3508974  -0.3540220
  -0.3575024  -0.3578084  -0.3557705  -0.3533633  -0.3496468  -0.3476145  -0.3458908
  -0.3430189  -0.3367711  -0.3305299  -0.3210186  -0.3128757  -0.3060065  -0.3028675
  -0.2979543  -0.2943824  -0.2902243  -0.2868227  -0.2827210  -0.2780967  -0.2721253
  -0.2665340  -0.2608596  -0.2555293  -0.2508355  -0.2459540  -0.2437346  -0.2409807
  -0.2364475  -0.2309515  -0.2280076  -0.2227350  -0.2179880  -0.2142321  -0.2109348
  -0.2055382  -0.1980807  -0.1914428  -0.1868283  -0.1834566  -0.1795144  -0.1751165
  -0.1746929  -0.1710909  -0.1624878  -0.1545654  -0.1497070  -0.1384637  -0.1297497
  -0.1265871  -0.1224840  -0.1191634  -0.1194967  -0.1165311  -0.1132182  -0.1096916
  -0.1030784  -0.0953693  -0.0939536  -0.0879011  -0.0800707  -0.0756787  -0.0717517
  -0.0627514  -0.0578104  -0.0572961  -0.0564379  -0.0506358  -0.0459787  -0.0431358
  -0.0355643  -0.0278275  -0.0218305  -0.0188910  -0.0096218  -0.0134152  -0.0054040
  -0.0022855   0.0056210   0.0155337   0.0357380   0.0412758   0.0358743   0.0293170
   0.0316504   0.0361023   0.0437118   0.0608978   0.0794272   0.0843606   0.0857809
   0.0875022   0.0963011   0.1018755   0.1039462   0.1086455   0.1148869   0.1138300
   0.1152016   0.1113334   0.1057181   0.0969829   0.0920797   0.0885462   0.0913855
   0.0931753   0.0958159   0.0971842   0.0975156   0.0921024   0.0892557   0.0873835
   0.0883478   0.0876629   0.0943601   0.0998357   0.1027508   0.0981389   0.0979015
   0.0811652   0.0637672   0.0530183   0.0520603   0.0450070   0.0499268   0.0510325
   0.0596247   0.0672738   0.0668021   0.0687520   0.0735072   0.0706658   0.0647962
   0.0656059   0.0705768   0.0775838   0.0777381   0.0777034   0.0803614   0.0847536
   0.0962686   0.1012219   0.0939680   0.0990107   0.0986349   0.0780383   0.0730081
   0.0862430   0.0892101   0.0782537   0.0868033   0.0891859   0.0859510   0.0841588
   0.0890310   0.0850811   0.0866586   0.0752734   0.0514444   0.0465250   0.0321032
   0.0121360   0.0063029   0.0164353   0.0283800   0.0413911   0.0412550   0.0425834
   0.0504089   0.0513701   0.0457040   0.0526009   0.0628689   0.0577453
   0.0000000   0.0000000   0.0000000   0.0000000   0.0000000   0.0000000   0.0000000
   0.0000000   0.0000000   0.0000000   0.0000000   0.0000000   0.0000000   0.0000000
   0.0000000   0.0000000   0.0000000   0.0000000   0.0000000   0.0000000   0.0000000
   0.0000000   0.0000000   0.0000000   0.0000000   0.0000000   0.0000000   0.0000000
   0.0000000   0.0000000   0.0000000   0.0000000   0.0000000   0.0000000   0.0000000
   0.0000000   0.0000000   0.0000000   0.0000000   0.0000000   0.0000000   0.0000000
   0.0000000   0.0000000   0.0000000   0.0000000   0.0000000   0.0000000   0.0000000
   0.0000000   0.0000000   0.0000000   0.0000000   0.0000000   0.0000000   0.0000000
   0.0000000   0.0000000   0.0000000   0.0000000   0.0000000   0.0000000   0.0000000
   0.0000000   0.0000000   0.0000000   0.0000000   0.0000000   0.0000000   0.0000000
   0.0000000   0.0000000   0.0000000   0.0000000   0.0000000   0.0000000   0.0000000
   0.0000000   0.0000000   0.0000000   0.0000000   0.0000000   0.0000000   0.0000000
   0.0000000   0.0000000   0.0000000   0.0000000   0.0000000   0.0000000   0.0000000
   0.0000000   0.0000000   0.0000000   0.0000000   0.0000000   0.0000000   0.0000000
   0.0000000   0.0000000   0.0000000   0.0000000   0.0000000   0.0000000   0.0000000
   0.0000000   0.0000000   0.0000000   0.0000000   0.0000000   0.0000000   0.0000000
   0.0000000   0.0000000   0.0000000   0.0000000   0.0000000   0.0000000   0.0000000
   0.0000000   0.0000000   0.0000000   0.0000000   0.0000000   0.0000000   0.0000000
   0.0000000   0.0000000   0.0000000   0.0000000   0.0000000   0.0000000   0.0000000
   0.0000000   0.0000000   0.0000000   0.0000000   0.0000000   0.0000000   0.0000000
   0.0000000   0.0000000   0.0000000   0.0000000   0.0000000   0.0000000   0.0000000
   0.0000000   0.0000000   0.0000000   0.0000000   0.0000000   0.0000000   0.0000000
   0.0000000   0.0000000   0.0000000   0.0000000   0.0000000   0.0000000   0.0000000
   0.0000000   0.0000000   0.0000000   0.0000000   0.0000000   0.0000000   0.0000000
   0.0000000   0.0000000   0.0000000   0.0000000   0.0000000   0.0000000   0.0000000
   0.0000000   0.0000000   0.0000000   0.0000000   0.0000000   0.0000000   0.0000000
   0.0000000   0.0000000   0.0000000   0.0000000   0.0000000   0.0000000
 1.3243160  0.8689206      ! Amplitude Factors
 137.0                     ! Antenna Bearing
 OCRA                      ! Site Code
 35.1030000  -75.9604333   ! Site Lat Lon
 1.0                       ! Degree Resolution
 5.0                       ! Degree Smoothing
 2021 12 06  19 03 06      ! Date Year Mo Day Hr Mn Sec
 First_APM_at_OCRA
 A98149C6-DB34-4366-945C-8A403C190020   ! UUID
 121.5      176.3          ! Phase Corrections
 4.5750000                 ! Center Freq MHz
 -25.7339130                ! Bandwdith kHz
 27.4   54.5  8.0        ! Ideal Distortion both,L1,L2
 172.0  170.0 91.0       ! Ideal Loop Alignment both,L1,L2
 CrossLoopPatterner 11.8.9  ! Creator
