60     5.82490   0.0    36.1811667  -75.7505000 DUCK  1.0
1     5.82490      0
 289.5
 171.0
1    11.64980      1
 289.5
 171.0
1    17.47470      2
 290.0
 170.0
1    23.29960      3
 290.5
 169.0
1    29.12450      4
 290.5
 169.0
1    34.94940      5
 290.0
 170.0
1    40.77430      6
 289.5
 169.0
1    46.59920      7
 289.5
 169.0
1    52.42410      8
 289.5
 169.0
1    58.24900      9
 289.5
 169.0
1    64.07390     10
 289.5
 171.0
1    69.89880     11
 289.5
 171.0
1    75.72370     12
 289.5
 171.0
1    81.54860     13
 289.0
 170.0
1    87.37350     14
 289.5
 171.0
1    93.19840     15
 289.0
 170.0
1    99.02330     16
 287.5
 167.0
1   104.84820     17
 285.0
 162.0
1   110.67310     18
 283.5
 159.0
1   116.49800     19
 282.5
 157.0
1   122.32290     20
 282.5
 157.0
1   128.14780     21
 281.5
 155.0
1   133.97270     22
 281.0
 154.0
1   139.79760     23
 280.0
 152.0
1   145.62250     24
 280.0
 152.0
1   151.44740     25
 279.5
 151.0
2   157.27230     26
 358.0 279.5
   1.0 151.0
1   163.09720     27
 279.5
 151.0
1   168.92210     28
 279.0
 150.0
1   174.74700     29
 278.5
 149.0
1   180.57190     30
 278.5
 149.0
1   186.39680     31
 278.0
 148.0
1   192.22170     32
 276.0
 144.0
1   198.04660     33
 276.0
 144.0
1   203.87150     34
 276.0
 144.0
1   209.69640     35
 275.5
 143.0
1   215.52130     36
 275.5
 143.0
1   221.34620     37
 275.0
 142.0
1   227.17110     38
 275.0
 142.0
1   232.99600     39
 275.0
 142.0
2   238.82090     40
   3.0 275.0
   1.0 142.0
2   244.64580     41
   2.0 275.0
   1.0 142.0
1   250.47070     42
 275.0
 142.0
1   256.29560     43
 275.0
 142.0
3   262.12050     44
  14.0  10.0 275.5
   1.0   1.0 143.0
4   267.94540     45
  14.0  10.5   5.5 275.0
   1.0   1.0   1.0 142.0
4   273.77030     46
  12.0   7.0   4.0 276.5
   4.0   1.0   1.0 145.0
2   279.59520     47
  10.5 276.0
   5.0 144.0
2   285.42010     48
  11.0 276.0
   4.0 144.0
2   291.24500     49
  11.5 276.0
   3.0 144.0
3   297.06990     50
  11.5   8.0 277.0
   3.0   1.0 146.0
3   302.89480     51
  11.5   8.0 278.0
   1.0   2.0 148.0
3   308.71970     52
  11.0   8.0 278.0
   2.0   1.0 148.0
4   314.54460     53
  10.5   7.5 350.5 275.0
   1.0   1.0   5.0 142.0
3   320.36950     54
   8.5 351.0 274.5
   3.0   6.0 141.0
3   326.19440     55
   8.5 351.0 274.5
   5.0   6.0 141.0
3   332.01930     56
   9.0 351.0 274.5
   2.0   6.0 141.0
4   337.84420     57
   9.5 353.0 349.0 274.5
   3.0   2.0   2.0 141.0
4   343.66910     58
  11.0   8.0 353.5 274.0
   1.0   2.0   3.0 140.0
4   349.49400     59
  12.0   8.5 354.5 274.0
   1.0   3.0   1.0 140.0
