 258
      -110.0      -109.0      -108.0      -107.0      -106.0      -105.0      -104.0
      -103.0      -102.0      -101.0      -100.0       -99.0       -98.0       -97.0
       -96.0       -95.0       -94.0       -93.0       -92.0       -91.0       -90.0
       -89.0       -88.0       -87.0       -86.0       -85.0       -84.0       -83.0
       -82.0       -81.0       -80.0       -79.0       -78.0       -77.0       -76.0
       -75.0       -74.0       -73.0       -72.0       -71.0       -70.0       -69.0
       -68.0       -67.0       -66.0       -65.0       -64.0       -63.0       -62.0
       -61.0       -60.0       -59.0       -58.0       -57.0       -56.0       -55.0
       -54.0       -53.0       -52.0       -51.0       -50.0       -49.0       -48.0
       -47.0       -46.0       -45.0       -44.0       -43.0       -42.0       -41.0
       -40.0       -39.0       -38.0       -37.0       -36.0       -35.0       -34.0
       -33.0       -32.0       -31.0       -30.0       -29.0       -28.0       -27.0
       -26.0       -25.0       -24.0       -23.0       -22.0       -21.0       -20.0
       -19.0       -18.0       -17.0       -16.0       -15.0       -14.0       -13.0
       -12.0       -11.0       -10.0        -9.0        -8.0        -7.0        -6.0
        -5.0        -4.0        -3.0        -2.0        -1.0         0.0         1.0
         2.0         3.0         4.0         5.0         6.0         7.0         8.0
         9.0        10.0        11.0        12.0        13.0        14.0        15.0
        16.0        17.0        18.0        19.0        20.0        21.0        22.0
        23.0        24.0        25.0        26.0        27.0        28.0        29.0
        30.0        31.0        32.0        33.0        34.0        35.0        36.0
        37.0        38.0        39.0        40.0        41.0        42.0        43.0
        44.0        45.0        46.0        47.0        48.0        49.0        50.0
        51.0        52.0        53.0        54.0        55.0        56.0        57.0
        58.0        59.0        60.0        61.0        62.0        63.0        64.0
        65.0        66.0        67.0        68.0        69.0        70.0        71.0
        72.0        73.0        74.0        75.0        76.0        77.0        78.0
        79.0        80.0        81.0        82.0        83.0        84.0        85.0
        86.0        87.0        88.0        89.0        90.0        91.0        92.0
        93.0        94.0        95.0        96.0        97.0        98.0        99.0
       100.0       101.0       102.0       103.0       104.0       105.0       106.0
       107.0       108.0       109.0       110.0       111.0       112.0       113.0
       114.0       115.0       116.0       117.0       118.0       119.0       120.0
       121.0       122.0       123.0       124.0       125.0       126.0       127.0
       128.0       129.0       130.0       131.0       132.0       133.0       134.0
       135.0       136.0       137.0       138.0       139.0       140.0       141.0
       142.0       143.0       144.0       145.0       146.0       147.0
   0.0031292  -0.0002983  -0.0030535  -0.0054014  -0.0076022  -0.0095916  -0.0134119
  -0.0192273  -0.0237270  -0.0262293  -0.0264605  -0.0256233  -0.0244706  -0.0231624
  -0.0220130  -0.0212829  -0.0212443  -0.0219290  -0.0230719  -0.0261247  -0.0309770
  -0.0375725  -0.0451732  -0.0535640  -0.0625278  -0.0715170  -0.0799763  -0.0878253
  -0.0948495  -0.1009631  -0.1060163  -0.1103161  -0.1142383  -0.1179182  -0.1208258
  -0.1232294  -0.1256220  -0.1283487  -0.1309703  -0.1347251  -0.1378217  -0.1403832
  -0.1428646  -0.1449314  -0.1469482  -0.1493405  -0.1515999  -0.1531187  -0.1533408
  -0.1529159  -0.1500916  -0.1486375  -0.1484095  -0.1487634  -0.1500446  -0.1514559
  -0.1531403  -0.1555456  -0.1591608  -0.1646954  -0.1720796  -0.1809703  -0.1890244
  -0.1965037  -0.2033633  -0.2093021  -0.2154621  -0.2216311  -0.2274367  -0.2327326
  -0.2374877  -0.2411869  -0.2449624  -0.2492326  -0.2548858  -0.2598275  -0.2663285
  -0.2729611  -0.2791658  -0.2849323  -0.2914980  -0.2978816  -0.3047608  -0.3113262
  -0.3184723  -0.3237520  -0.3291879  -0.3332836  -0.3372398  -0.3408975  -0.3446659
  -0.3469775  -0.3491355  -0.3504620  -0.3515938  -0.3527864  -0.3548618  -0.3573571
  -0.3590855  -0.3601914  -0.3621637  -0.3644950  -0.3679559  -0.3718463  -0.3750361
  -0.3780769  -0.3796314  -0.3812625  -0.3833858  -0.3860399  -0.3885976  -0.3896079
  -0.3898090  -0.3893706  -0.3879487  -0.3874038  -0.3870062  -0.3862821  -0.3844275
  -0.3818841  -0.3787582  -0.3744891  -0.3701073  -0.3657435  -0.3611353  -0.3557617
  -0.3502721  -0.3445556  -0.3385730  -0.3326967  -0.3270322  -0.3219334  -0.3180422
  -0.3147098  -0.3121507  -0.3092914  -0.3061018  -0.3027495  -0.2992058  -0.2955251
  -0.2915606  -0.2869305  -0.2822846  -0.2770906  -0.2714494  -0.2659256  -0.2606026
  -0.2569937  -0.2540259  -0.2514541  -0.2494644  -0.2469625  -0.2445889  -0.2416420
  -0.2391429  -0.2372868  -0.2339580  -0.2299165  -0.2248339  -0.2188953  -0.2122404
  -0.2054503  -0.1994823  -0.1928084  -0.1856551  -0.1782170  -0.1709667  -0.1638617
  -0.1561302  -0.1488053  -0.1405681  -0.1326542  -0.1245618  -0.1161610  -0.1084144
  -0.1015237  -0.0952644  -0.0893022  -0.0840801  -0.0808703  -0.0772812  -0.0752748
  -0.0737449  -0.0730031  -0.0719353  -0.0705089  -0.0696674  -0.0682508  -0.0662566
  -0.0646228  -0.0616221  -0.0591975  -0.0564793  -0.0537000  -0.0505819  -0.0467000
  -0.0435839  -0.0401862  -0.0367807  -0.0335055  -0.0290287  -0.0243546  -0.0189584
  -0.0132976  -0.0073650  -0.0010682   0.0043725   0.0104560   0.0176596   0.0242550
   0.0312829   0.0372346   0.0420001   0.0467231   0.0513234   0.0565900   0.0611921
   0.0642086   0.0674573   0.0699276   0.0743803   0.0801732   0.0863036   0.0939945
   0.1018945   0.1098586   0.1180609   0.1269560   0.1376708   0.1478252   0.1575471
   0.1647310   0.1689952   0.1718626   0.1736992   0.1745063   0.1746925   0.1730466
   0.1693135   0.1632696   0.1567263   0.1498791   0.1412637   0.1329231   0.1256515
   0.1166413   0.1065256   0.0962005   0.0859888   0.0757936   0.0654366   0.0532591
   0.0412284   0.0365616   0.0316961   0.0256706   0.0199566   0.0144197
   0.0000000   0.0000000   0.0000000   0.0000000   0.0000000   0.0000000   0.0000000
   0.0000000   0.0000000   0.0000000   0.0000000   0.0000000   0.0000000   0.0000000
   0.0000000   0.0000000   0.0000000   0.0000000   0.0000000   0.0000000   0.0000000
   0.0000000   0.0000000   0.0000000   0.0000000   0.0000000   0.0000000   0.0000000
   0.0000000   0.0000000   0.0000000   0.0000000   0.0000000   0.0000000   0.0000000
   0.0000000   0.0000000   0.0000000   0.0000000   0.0000000   0.0000000   0.0000000
   0.0000000   0.0000000   0.0000000   0.0000000   0.0000000   0.0000000   0.0000000
   0.0000000   0.0000000   0.0000000   0.0000000   0.0000000   0.0000000   0.0000000
   0.0000000   0.0000000   0.0000000   0.0000000   0.0000000   0.0000000   0.0000000
   0.0000000   0.0000000   0.0000000   0.0000000   0.0000000   0.0000000   0.0000000
   0.0000000   0.0000000   0.0000000   0.0000000   0.0000000   0.0000000   0.0000000
   0.0000000   0.0000000   0.0000000   0.0000000   0.0000000   0.0000000   0.0000000
   0.0000000   0.0000000   0.0000000   0.0000000   0.0000000   0.0000000   0.0000000
   0.0000000   0.0000000   0.0000000   0.0000000   0.0000000   0.0000000   0.0000000
   0.0000000   0.0000000   0.0000000   0.0000000   0.0000000   0.0000000   0.0000000
   0.0000000   0.0000000   0.0000000   0.0000000   0.0000000   0.0000000   0.0000000
   0.0000000   0.0000000   0.0000000   0.0000000   0.0000000   0.0000000   0.0000000
   0.0000000   0.0000000   0.0000000   0.0000000   0.0000000   0.0000000   0.0000000
   0.0000000   0.0000000   0.0000000   0.0000000   0.0000000   0.0000000   0.0000000
   0.0000000   0.0000000   0.0000000   0.0000000   0.0000000   0.0000000   0.0000000
   0.0000000   0.0000000   0.0000000   0.0000000   0.0000000   0.0000000   0.0000000
   0.0000000   0.0000000   0.0000000   0.0000000   0.0000000   0.0000000   0.0000000
   0.0000000   0.0000000   0.0000000   0.0000000   0.0000000   0.0000000   0.0000000
   0.0000000   0.0000000   0.0000000   0.0000000   0.0000000   0.0000000   0.0000000
   0.0000000   0.0000000   0.0000000   0.0000000   0.0000000   0.0000000   0.0000000
   0.0000000   0.0000000   0.0000000   0.0000000   0.0000000   0.0000000   0.0000000
   0.0000000   0.0000000   0.0000000   0.0000000   0.0000000   0.0000000   0.0000000
   0.0000000   0.0000000   0.0000000   0.0000000   0.0000000   0.0000000   0.0000000
   0.0000000   0.0000000   0.0000000   0.0000000   0.0000000   0.0000000   0.0000000
   0.0000000   0.0000000   0.0000000   0.0000000   0.0000000   0.0000000   0.0000000
   0.0000000   0.0000000   0.0000000   0.0000000   0.0000000   0.0000000   0.0000000
   0.0000000   0.0000000   0.0000000   0.0000000   0.0000000   0.0000000   0.0000000
   0.0000000   0.0000000   0.0000000   0.0000000   0.0000000   0.0000000   0.0000000
   0.0000000   0.0000000   0.0000000   0.0000000   0.0000000   0.0000000   0.0000000
   0.0000000   0.0000000   0.0000000   0.0000000   0.0000000   0.0000000   0.0000000
   0.0000000   0.0000000   0.0000000   0.0000000   0.0000000   0.0000000   0.0000000
   0.0000000   0.0000000   0.0000000   0.0000000   0.0000000   0.0000000
  -0.0182849  -0.0229092  -0.0282996  -0.0333950  -0.0374126  -0.0401786  -0.0461889
  -0.0522788  -0.0568650  -0.0610132  -0.0659782  -0.0725758  -0.0776271  -0.0825038
  -0.0877647  -0.0938898  -0.1013330  -0.1096676  -0.1177716  -0.1263081  -0.1349161
  -0.1431103  -0.1503687  -0.1580615  -0.1650514  -0.1712200  -0.1770725  -0.1825153
  -0.1879892  -0.1939342  -0.2003861  -0.2071940  -0.2142388  -0.2213311  -0.2267974
  -0.2316044  -0.2365794  -0.2416234  -0.2463739  -0.2518202  -0.2572596  -0.2630137
  -0.2696613  -0.2775346  -0.2864934  -0.2978325  -0.3110898  -0.3254684  -0.3409122
  -0.3580263  -0.3748829  -0.3916104  -0.4081844  -0.4240679  -0.4392806  -0.4540001
  -0.4680542  -0.4813752  -0.4938664  -0.5052471  -0.5157690  -0.5260022  -0.5361634
  -0.5460624  -0.5555265  -0.5642797  -0.5727629  -0.5808100  -0.5887363  -0.5962151
  -0.6038037  -0.6111138  -0.6178864  -0.6245094  -0.6345137  -0.6445476  -0.6543443
  -0.6629287  -0.6712512  -0.6785737  -0.6863711  -0.6943880  -0.7030412  -0.7121013
  -0.7202566  -0.7243929  -0.7292312  -0.7343168  -0.7409281  -0.7481067  -0.7555712
  -0.7621064  -0.7675021  -0.7723766  -0.7760684  -0.7796015  -0.7829528  -0.7848165
  -0.7861142  -0.7868109  -0.7859532  -0.7847115  -0.7833947  -0.7832659  -0.7817132
  -0.7807581  -0.7796042  -0.7774460  -0.7746091  -0.7729185  -0.7710111  -0.7687720
  -0.7659017  -0.7632694  -0.7581170  -0.7530307  -0.7473024  -0.7422317  -0.7367955
  -0.7319817  -0.7267920  -0.7210898  -0.7158640  -0.7122422  -0.7078536  -0.7048245
  -0.7017170  -0.6988658  -0.6955213  -0.6930414  -0.6903104  -0.6854123  -0.6793275
  -0.6740508  -0.6667317  -0.6585817  -0.6497048  -0.6403314  -0.6300503  -0.6199455
  -0.6113862  -0.6037232  -0.5966259  -0.5910244  -0.5848626  -0.5788470  -0.5735332
  -0.5689306  -0.5646662  -0.5600518  -0.5547314  -0.5476744  -0.5397981  -0.5324231
  -0.5252534  -0.5177034  -0.5099627  -0.5023775  -0.4947414  -0.4862038  -0.4781902
  -0.4692378  -0.4600197  -0.4496236  -0.4385423  -0.4264708  -0.4138909  -0.4013762
  -0.3888476  -0.3750817  -0.3626619  -0.3498784  -0.3380080  -0.3259691  -0.3135063
  -0.3005211  -0.2876407  -0.2755888  -0.2649333  -0.2545863  -0.2453175  -0.2353334
  -0.2246952  -0.2142566  -0.2045329  -0.1952435  -0.1852470  -0.1731445  -0.1586084
  -0.1420729  -0.1249190  -0.1082815  -0.0919917  -0.0758954  -0.0592983  -0.0426504
  -0.0274040  -0.0138437  -0.0018428   0.0087113   0.0184613   0.0282448   0.0386266
   0.0493466   0.0598059   0.0711501   0.0833709   0.0961272   0.1096551   0.1238354
   0.1391337   0.1553705   0.1721332   0.1894981   0.2056863   0.2211838   0.2350880
   0.2493027   0.2643828   0.2788824   0.2923496   0.3042147   0.3139952   0.3224854
   0.3304314   0.3399704   0.3492512   0.3597439   0.3694556   0.3788752   0.3881058
   0.3975671   0.4088590   0.4208323   0.4331523   0.4440977   0.4520478   0.4585979
   0.4622645   0.4647274   0.4658312   0.4665667   0.4657279   0.4625190   0.4574574
   0.4515266   0.4464043   0.4429188   0.4406636   0.4404603   0.4420773   0.4456521
   0.4480940   0.4483776   0.4486695   0.4508176   0.4539120   0.4579202
   0.0000000   0.0000000   0.0000000   0.0000000   0.0000000   0.0000000   0.0000000
   0.0000000   0.0000000   0.0000000   0.0000000   0.0000000   0.0000000   0.0000000
   0.0000000   0.0000000   0.0000000   0.0000000   0.0000000   0.0000000   0.0000000
   0.0000000   0.0000000   0.0000000   0.0000000   0.0000000   0.0000000   0.0000000
   0.0000000   0.0000000   0.0000000   0.0000000   0.0000000   0.0000000   0.0000000
   0.0000000   0.0000000   0.0000000   0.0000000   0.0000000   0.0000000   0.0000000
   0.0000000   0.0000000   0.0000000   0.0000000   0.0000000   0.0000000   0.0000000
   0.0000000   0.0000000   0.0000000   0.0000000   0.0000000   0.0000000   0.0000000
   0.0000000   0.0000000   0.0000000   0.0000000   0.0000000   0.0000000   0.0000000
   0.0000000   0.0000000   0.0000000   0.0000000   0.0000000   0.0000000   0.0000000
   0.0000000   0.0000000   0.0000000   0.0000000   0.0000000   0.0000000   0.0000000
   0.0000000   0.0000000   0.0000000   0.0000000   0.0000000   0.0000000   0.0000000
   0.0000000   0.0000000   0.0000000   0.0000000   0.0000000   0.0000000   0.0000000
   0.0000000   0.0000000   0.0000000   0.0000000   0.0000000   0.0000000   0.0000000
   0.0000000   0.0000000   0.0000000   0.0000000   0.0000000   0.0000000   0.0000000
   0.0000000   0.0000000   0.0000000   0.0000000   0.0000000   0.0000000   0.0000000
   0.0000000   0.0000000   0.0000000   0.0000000   0.0000000   0.0000000   0.0000000
   0.0000000   0.0000000   0.0000000   0.0000000   0.0000000   0.0000000   0.0000000
   0.0000000   0.0000000   0.0000000   0.0000000   0.0000000   0.0000000   0.0000000
   0.0000000   0.0000000   0.0000000   0.0000000   0.0000000   0.0000000   0.0000000
   0.0000000   0.0000000   0.0000000   0.0000000   0.0000000   0.0000000   0.0000000
   0.0000000   0.0000000   0.0000000   0.0000000   0.0000000   0.0000000   0.0000000
   0.0000000   0.0000000   0.0000000   0.0000000   0.0000000   0.0000000   0.0000000
   0.0000000   0.0000000   0.0000000   0.0000000   0.0000000   0.0000000   0.0000000
   0.0000000   0.0000000   0.0000000   0.0000000   0.0000000   0.0000000   0.0000000
   0.0000000   0.0000000   0.0000000   0.0000000   0.0000000   0.0000000   0.0000000
   0.0000000   0.0000000   0.0000000   0.0000000   0.0000000   0.0000000   0.0000000
   0.0000000   0.0000000   0.0000000   0.0000000   0.0000000   0.0000000   0.0000000
   0.0000000   0.0000000   0.0000000   0.0000000   0.0000000   0.0000000   0.0000000
   0.0000000   0.0000000   0.0000000   0.0000000   0.0000000   0.0000000   0.0000000
   0.0000000   0.0000000   0.0000000   0.0000000   0.0000000   0.0000000   0.0000000
   0.0000000   0.0000000   0.0000000   0.0000000   0.0000000   0.0000000   0.0000000
   0.0000000   0.0000000   0.0000000   0.0000000   0.0000000   0.0000000   0.0000000
   0.0000000   0.0000000   0.0000000   0.0000000   0.0000000   0.0000000   0.0000000
   0.0000000   0.0000000   0.0000000   0.0000000   0.0000000   0.0000000   0.0000000
   0.0000000   0.0000000   0.0000000   0.0000000   0.0000000   0.0000000   0.0000000
   0.0000000   0.0000000   0.0000000   0.0000000   0.0000000   0.0000000
   0.4955933   0.4803954   0.4645639   0.4489056   0.4336343   0.4184838   0.3887962
   0.3566168   0.3318178   0.3132742   0.3005946   0.2920954   0.2864561   0.2850100
   0.2868827   0.2917725   0.2997948   0.3102162   0.3234715   0.3357890   0.3467710
   0.3563107   0.3647827   0.3728772   0.3810768   0.3897834   0.3988222   0.4082960
   0.4180793   0.4277953   0.4378117   0.4484206   0.4598639   0.4719649   0.4845034
   0.4970121   0.5091154   0.5212348   0.5332858   0.5460030   0.5561899   0.5627830
   0.5663056   0.5657157   0.5619689   0.5547651   0.5443069   0.5310094   0.5143154
   0.4946496   0.4701568   0.4483346   0.4290181   0.4107259   0.3942427   0.3781732
   0.3629486   0.3490344   0.3367814   0.3269875   0.3193288   0.3150478   0.3095079
   0.3027665   0.2955166   0.2878633   0.2814199   0.2766023   0.2732199   0.2699759
   0.2658758   0.2604615   0.2539823   0.2470655   0.2422942   0.2391747   0.2378710
   0.2354057   0.2322332   0.2275073   0.2234167   0.2201066   0.2177212   0.2149880
   0.2124159   0.2066156   0.2012781   0.1945974   0.1890209   0.1829839   0.1773880
   0.1704410   0.1638178   0.1567331   0.1502107   0.1435903   0.1391376   0.1344591
   0.1305898   0.1276766   0.1261948   0.1255303   0.1256915   0.1258168   0.1249469
   0.1240774   0.1220689   0.1191040   0.1139910   0.1076413   0.0988912   0.0884405
   0.0774461   0.0674966   0.0564394   0.0467651   0.0369816   0.0299875   0.0242996
   0.0202484   0.0183756   0.0177898   0.0168269   0.0177033   0.0174865   0.0193435
   0.0210587   0.0235091   0.0260920   0.0283930   0.0310150   0.0314522   0.0297488
   0.0299518   0.0261828   0.0205398   0.0130190   0.0041258  -0.0072407  -0.0206000
  -0.0328802  -0.0452429  -0.0571077  -0.0660857  -0.0751268  -0.0844143  -0.0926815
  -0.0988193  -0.1029996  -0.1053621  -0.1064195  -0.1102252  -0.1159640  -0.1215550
  -0.1264517  -0.1298844  -0.1314914  -0.1322426  -0.1336079  -0.1359781  -0.1374848
  -0.1388786  -0.1389713  -0.1380895  -0.1393522  -0.1426997  -0.1473721  -0.1503841
  -0.1535455  -0.1588661  -0.1631269  -0.1669927  -0.1712224  -0.1752909  -0.1799229
  -0.1839715  -0.1879525  -0.1925871  -0.1982061  -0.2031018  -0.2080674  -0.2121917
  -0.2156689  -0.2173153  -0.2189921  -0.2219540  -0.2215150  -0.2192396  -0.2174469
  -0.2137821  -0.2125618  -0.2093169  -0.2058602  -0.2014566  -0.1966818  -0.1928102
  -0.1851026  -0.1764606  -0.1685908  -0.1586773  -0.1526568  -0.1468701  -0.1424670
  -0.1403190  -0.1410997  -0.1444689  -0.1484418  -0.1554043  -0.1657240  -0.1740934
  -0.1829967  -0.1892720  -0.1915566  -0.1930883  -0.1933080  -0.1928219  -0.1904178
  -0.1840287  -0.1760079  -0.1663892  -0.1605440  -0.1569554  -0.1528807  -0.1506195
  -0.1473364  -0.1436733  -0.1416125  -0.1414804  -0.1441610  -0.1464808  -0.1488159
  -0.1486098  -0.1469430  -0.1463114  -0.1453374  -0.1439271  -0.1425932  -0.1390369
  -0.1332716  -0.1260789  -0.1193424  -0.1125473  -0.1036244  -0.0938720  -0.0835738
  -0.0707091  -0.0572424  -0.0432287  -0.0285752  -0.0134705   0.0027287   0.0215723
   0.0394777   0.0475296   0.0561615   0.0663697   0.0752680   0.0835137
   0.0000000   0.0000000   0.0000000   0.0000000   0.0000000   0.0000000   0.0000000
   0.0000000   0.0000000   0.0000000   0.0000000   0.0000000   0.0000000   0.0000000
   0.0000000   0.0000000   0.0000000   0.0000000   0.0000000   0.0000000   0.0000000
   0.0000000   0.0000000   0.0000000   0.0000000   0.0000000   0.0000000   0.0000000
   0.0000000   0.0000000   0.0000000   0.0000000   0.0000000   0.0000000   0.0000000
   0.0000000   0.0000000   0.0000000   0.0000000   0.0000000   0.0000000   0.0000000
   0.0000000   0.0000000   0.0000000   0.0000000   0.0000000   0.0000000   0.0000000
   0.0000000   0.0000000   0.0000000   0.0000000   0.0000000   0.0000000   0.0000000
   0.0000000   0.0000000   0.0000000   0.0000000   0.0000000   0.0000000   0.0000000
   0.0000000   0.0000000   0.0000000   0.0000000   0.0000000   0.0000000   0.0000000
   0.0000000   0.0000000   0.0000000   0.0000000   0.0000000   0.0000000   0.0000000
   0.0000000   0.0000000   0.0000000   0.0000000   0.0000000   0.0000000   0.0000000
   0.0000000   0.0000000   0.0000000   0.0000000   0.0000000   0.0000000   0.0000000
   0.0000000   0.0000000   0.0000000   0.0000000   0.0000000   0.0000000   0.0000000
   0.0000000   0.0000000   0.0000000   0.0000000   0.0000000   0.0000000   0.0000000
   0.0000000   0.0000000   0.0000000   0.0000000   0.0000000   0.0000000   0.0000000
   0.0000000   0.0000000   0.0000000   0.0000000   0.0000000   0.0000000   0.0000000
   0.0000000   0.0000000   0.0000000   0.0000000   0.0000000   0.0000000   0.0000000
   0.0000000   0.0000000   0.0000000   0.0000000   0.0000000   0.0000000   0.0000000
   0.0000000   0.0000000   0.0000000   0.0000000   0.0000000   0.0000000   0.0000000
   0.0000000   0.0000000   0.0000000   0.0000000   0.0000000   0.0000000   0.0000000
   0.0000000   0.0000000   0.0000000   0.0000000   0.0000000   0.0000000   0.0000000
   0.0000000   0.0000000   0.0000000   0.0000000   0.0000000   0.0000000   0.0000000
   0.0000000   0.0000000   0.0000000   0.0000000   0.0000000   0.0000000   0.0000000
   0.0000000   0.0000000   0.0000000   0.0000000   0.0000000   0.0000000   0.0000000
   0.0000000   0.0000000   0.0000000   0.0000000   0.0000000   0.0000000   0.0000000
   0.0000000   0.0000000   0.0000000   0.0000000   0.0000000   0.0000000   0.0000000
   0.0000000   0.0000000   0.0000000   0.0000000   0.0000000   0.0000000   0.0000000
   0.0000000   0.0000000   0.0000000   0.0000000   0.0000000   0.0000000   0.0000000
   0.0000000   0.0000000   0.0000000   0.0000000   0.0000000   0.0000000   0.0000000
   0.0000000   0.0000000   0.0000000   0.0000000   0.0000000   0.0000000   0.0000000
   0.0000000   0.0000000   0.0000000   0.0000000   0.0000000   0.0000000   0.0000000
   0.0000000   0.0000000   0.0000000   0.0000000   0.0000000   0.0000000   0.0000000
   0.0000000   0.0000000   0.0000000   0.0000000   0.0000000   0.0000000   0.0000000
   0.0000000   0.0000000   0.0000000   0.0000000   0.0000000   0.0000000   0.0000000
   0.0000000   0.0000000   0.0000000   0.0000000   0.0000000   0.0000000   0.0000000
   0.0000000   0.0000000   0.0000000   0.0000000   0.0000000   0.0000000
   0.1102092   0.1144911   0.1202786   0.1272893   0.1364169   0.1487913   0.1724155
   0.1955245   0.2177549   0.2379638   0.2565401   0.2734299   0.2921081   0.3088852
   0.3237849   0.3357155   0.3429420   0.3460928   0.3481258   0.3494910   0.3506578
   0.3518545   0.3532406   0.3552124   0.3574062   0.3596197   0.3621577   0.3655031
   0.3700435   0.3762454   0.3837579   0.3925280   0.4013661   0.4102613   0.4169948
   0.4225412   0.4277827   0.4322497   0.4341535   0.4356606   0.4349969   0.4320651
   0.4277705   0.4233570   0.4183623   0.4161367   0.4154835   0.4149538   0.4148098
   0.4170916   0.4167602   0.4159854   0.4158230   0.4149793   0.4135674   0.4124805
   0.4107241   0.4087940   0.4067664   0.4038720   0.3995462   0.3955274   0.3915964
   0.3866997   0.3813977   0.3755293   0.3682312   0.3593119   0.3491518   0.3385471
   0.3279709   0.3174029   0.3077130   0.2981052   0.2910264   0.2851166   0.2791247
   0.2741353   0.2689972   0.2644501   0.2583335   0.2519663   0.2448290   0.2381193
   0.2306445   0.2211081   0.2100928   0.2005021   0.1903096   0.1815778   0.1733501
   0.1664981   0.1590017   0.1513127   0.1421833   0.1337038   0.1250852   0.1177574
   0.1086679   0.0985674   0.0877013   0.0760842   0.0651026   0.0549086   0.0446687
   0.0335351   0.0207939   0.0078654  -0.0054538  -0.0198954  -0.0361746  -0.0543498
  -0.0733575  -0.0922255  -0.1100255  -0.1272605  -0.1429380  -0.1571876  -0.1702754
  -0.1818655  -0.1889729  -0.1917462  -0.1928136  -0.1943311  -0.1962697  -0.1996634
  -0.2043043  -0.2111007  -0.2188731  -0.2304885  -0.2460016  -0.2656962  -0.2883745
  -0.3116607  -0.3338386  -0.3559319  -0.3766921  -0.3951940  -0.4114521  -0.4265008
  -0.4384302  -0.4466022  -0.4539400  -0.4595925  -0.4644911  -0.4694281  -0.4754064
  -0.4840485  -0.4931825  -0.5030601  -0.5138341  -0.5252561  -0.5395880  -0.5536873
  -0.5680711  -0.5821358  -0.5939813  -0.6049511  -0.6131344  -0.6214999  -0.6276343
  -0.6320785  -0.6368620  -0.6407080  -0.6443223  -0.6471062  -0.6496348  -0.6546178
  -0.6590117  -0.6642698  -0.6679289  -0.6726352  -0.6760777  -0.6770140  -0.6790458
  -0.6828256  -0.6860448  -0.6874716  -0.6865283  -0.6861042  -0.6834772  -0.6824083
  -0.6843740  -0.6870260  -0.6899503  -0.6923790  -0.6958984  -0.7019554  -0.7118516
  -0.7243586  -0.7365609  -0.7487866  -0.7596118  -0.7660557  -0.7720671  -0.7777773
  -0.7805477  -0.7778548  -0.7718959  -0.7640436  -0.7537537  -0.7435487  -0.7343424
  -0.7257908  -0.7179038  -0.7139515  -0.7129685  -0.7145850  -0.7175571  -0.7225431
  -0.7284445  -0.7368617  -0.7453171  -0.7551842  -0.7629572  -0.7695316  -0.7718043
  -0.7726536  -0.7734518  -0.7739891  -0.7728410  -0.7697048  -0.7606636  -0.7492048
  -0.7363046  -0.7251101  -0.7144924  -0.7046253  -0.6921635  -0.6777821  -0.6631544
  -0.6510527  -0.6406000  -0.6332859  -0.6270136  -0.6192878  -0.6095604  -0.6001735
  -0.5893090  -0.5789808  -0.5691768  -0.5588316  -0.5442148  -0.5274322  -0.5091265
  -0.4898692  -0.4702709  -0.4508946  -0.4314521  -0.4138452  -0.3980225  -0.3825182
  -0.3668472  -0.3575228  -0.3477093  -0.3396116  -0.3325473  -0.3275830
   0.0000000   0.0000000   0.0000000   0.0000000   0.0000000   0.0000000   0.0000000
   0.0000000   0.0000000   0.0000000   0.0000000   0.0000000   0.0000000   0.0000000
   0.0000000   0.0000000   0.0000000   0.0000000   0.0000000   0.0000000   0.0000000
   0.0000000   0.0000000   0.0000000   0.0000000   0.0000000   0.0000000   0.0000000
   0.0000000   0.0000000   0.0000000   0.0000000   0.0000000   0.0000000   0.0000000
   0.0000000   0.0000000   0.0000000   0.0000000   0.0000000   0.0000000   0.0000000
   0.0000000   0.0000000   0.0000000   0.0000000   0.0000000   0.0000000   0.0000000
   0.0000000   0.0000000   0.0000000   0.0000000   0.0000000   0.0000000   0.0000000
   0.0000000   0.0000000   0.0000000   0.0000000   0.0000000   0.0000000   0.0000000
   0.0000000   0.0000000   0.0000000   0.0000000   0.0000000   0.0000000   0.0000000
   0.0000000   0.0000000   0.0000000   0.0000000   0.0000000   0.0000000   0.0000000
   0.0000000   0.0000000   0.0000000   0.0000000   0.0000000   0.0000000   0.0000000
   0.0000000   0.0000000   0.0000000   0.0000000   0.0000000   0.0000000   0.0000000
   0.0000000   0.0000000   0.0000000   0.0000000   0.0000000   0.0000000   0.0000000
   0.0000000   0.0000000   0.0000000   0.0000000   0.0000000   0.0000000   0.0000000
   0.0000000   0.0000000   0.0000000   0.0000000   0.0000000   0.0000000   0.0000000
   0.0000000   0.0000000   0.0000000   0.0000000   0.0000000   0.0000000   0.0000000
   0.0000000   0.0000000   0.0000000   0.0000000   0.0000000   0.0000000   0.0000000
   0.0000000   0.0000000   0.0000000   0.0000000   0.0000000   0.0000000   0.0000000
   0.0000000   0.0000000   0.0000000   0.0000000   0.0000000   0.0000000   0.0000000
   0.0000000   0.0000000   0.0000000   0.0000000   0.0000000   0.0000000   0.0000000
   0.0000000   0.0000000   0.0000000   0.0000000   0.0000000   0.0000000   0.0000000
   0.0000000   0.0000000   0.0000000   0.0000000   0.0000000   0.0000000   0.0000000
   0.0000000   0.0000000   0.0000000   0.0000000   0.0000000   0.0000000   0.0000000
   0.0000000   0.0000000   0.0000000   0.0000000   0.0000000   0.0000000   0.0000000
   0.0000000   0.0000000   0.0000000   0.0000000   0.0000000   0.0000000   0.0000000
   0.0000000   0.0000000   0.0000000   0.0000000   0.0000000   0.0000000   0.0000000
   0.0000000   0.0000000   0.0000000   0.0000000   0.0000000   0.0000000   0.0000000
   0.0000000   0.0000000   0.0000000   0.0000000   0.0000000   0.0000000   0.0000000
   0.0000000   0.0000000   0.0000000   0.0000000   0.0000000   0.0000000   0.0000000
   0.0000000   0.0000000   0.0000000   0.0000000   0.0000000   0.0000000   0.0000000
   0.0000000   0.0000000   0.0000000   0.0000000   0.0000000   0.0000000   0.0000000
   0.0000000   0.0000000   0.0000000   0.0000000   0.0000000   0.0000000   0.0000000
   0.0000000   0.0000000   0.0000000   0.0000000   0.0000000   0.0000000   0.0000000
   0.0000000   0.0000000   0.0000000   0.0000000   0.0000000   0.0000000   0.0000000
   0.0000000   0.0000000   0.0000000   0.0000000   0.0000000   0.0000000   0.0000000
   0.0000000   0.0000000   0.0000000   0.0000000   0.0000000   0.0000000
 1.3888615  1.8614667      ! Amplitude Factors
 178.0                     ! Antenna Bearing
 CORE                      ! Site Code
 34.7600833  -76.4113667   ! Site Lat Lon
 1.0                       ! Degree Resolution
 10.0                      ! Degree Smoothing
 2014 07 29  15 25 37      ! Date Year Mo Day Hr Mn Sec
 10degrees smoothing, Muglia
 C270A358-0B3A-4BCC-AFD1-18F6998D63EE   ! UUID
