 166
       -53.0       -52.0       -51.0       -50.0       -49.0       -48.0       -47.0
       -46.0       -45.0       -44.0       -43.0       -42.0       -41.0       -40.0
       -39.0       -38.0       -37.0       -36.0       -35.0       -34.0       -33.0
       -32.0       -31.0       -30.0       -29.0       -28.0       -27.0       -26.0
       -25.0       -24.0       -23.0       -22.0       -21.0       -20.0       -19.0
       -18.0       -17.0       -16.0       -15.0       -14.0       -13.0       -12.0
       -11.0       -10.0        -9.0        -8.0        -7.0        -6.0        -5.0
        -4.0        -3.0        -2.0        -1.0         0.0         1.0         2.0
         3.0         4.0         5.0         6.0         7.0         8.0         9.0
        10.0        11.0        12.0        13.0        14.0        15.0        16.0
        17.0        18.0        19.0        20.0        21.0        22.0        23.0
        24.0        25.0        26.0        27.0        28.0        29.0        30.0
        31.0        32.0        33.0        34.0        35.0        36.0        37.0
        38.0        39.0        40.0        41.0        42.0        43.0        44.0
        45.0        46.0        47.0        48.0        49.0        50.0        51.0
        52.0        53.0        54.0        55.0        56.0        57.0        58.0
        59.0        60.0        61.0        62.0        63.0        64.0        65.0
        66.0        67.0        68.0        69.0        70.0        71.0        72.0
        73.0        74.0        75.0        76.0        77.0        78.0        79.0
        80.0        81.0        82.0        83.0        84.0        85.0        86.0
        87.0        88.0        89.0        90.0        91.0        92.0        93.0
        94.0        95.0        96.0        97.0        98.0        99.0       100.0
       101.0       102.0       103.0       104.0       105.0       106.0       107.0
       108.0       109.0       110.0       111.0       112.0
  -0.0827570  -0.0817022  -0.0806134  -0.0787727  -0.0763661  -0.0735594  -0.0708427
  -0.0691956  -0.0709611  -0.0798467  -0.0986132  -0.1275880  -0.1669634  -0.2134818
  -0.2643697  -0.3181276  -0.3727740  -0.4262150  -0.4759602  -0.5183048  -0.5491699
  -0.5683146  -0.5753986  -0.5718612  -0.5588894  -0.5370715  -0.5074483  -0.4708367
  -0.4310370  -0.3899188  -0.3502663  -0.3142832  -0.2853836  -0.2700614  -0.2822556
  -0.3312655  -0.4161941  -0.5335031  -0.6611028  -0.7686304  -0.8345738  -0.8551628
  -0.8294494  -0.7731014  -0.7059351  -0.6396409  -0.5787782  -0.5264636  -0.4852151
  -0.4587517  -0.4526807  -0.4656806  -0.4954730  -0.5326315  -0.5618131  -0.5725994
  -0.5640366  -0.5374553  -0.5039975  -0.4819627  -0.4822406  -0.5062745  -0.5531902
  -0.6097183  -0.6564116  -0.6808128  -0.6811762  -0.6578601  -0.6215557  -0.5882146
  -0.5678913  -0.5619752  -0.5701165  -0.5861846  -0.5998417  -0.6049752  -0.6008889
  -0.5879621  -0.5703158  -0.5544731  -0.5445440  -0.5411643  -0.5444698  -0.5527387
  -0.5640238  -0.5771370  -0.5912663  -0.6053753  -0.6166747  -0.6207071  -0.6138040
  -0.5962039  -0.5687867  -0.5365013  -0.5062640  -0.4831236  -0.4679598  -0.4610669
  -0.4606018  -0.4643261  -0.4711448  -0.4801162  -0.4901828  -0.4985249  -0.5008531
  -0.4935677  -0.4767279  -0.4509861  -0.4205525  -0.3915536  -0.3682608  -0.3513499
  -0.3408675  -0.3347027  -0.3294846  -0.3235139  -0.3161874  -0.3071972  -0.2970063
  -0.2861459  -0.2746164  -0.2627275  -0.2508761  -0.2396789  -0.2303719  -0.2239771
  -0.2203921  -0.2193638  -0.2196705  -0.2196835  -0.2182459  -0.2149840  -0.2095738
  -0.2021051  -0.1923744  -0.1799259  -0.1651544  -0.1485697  -0.1314672  -0.1160036
  -0.1038492  -0.0950532  -0.0893768  -0.0852863  -0.0803395  -0.0730703  -0.0631426
  -0.0504764  -0.0363263  -0.0227019  -0.0106758  -0.0003606   0.0084669   0.0173179
   0.0287600   0.0443430   0.0641750   0.0880261   0.1135603   0.1377762   0.1587331
   0.1757426   0.1882824   0.1971107   0.2013796   0.2047885
   0.0000000   0.0000000   0.0000000   0.0000000   0.0000000   0.0000000   0.0000000
   0.0000000   0.0000000   0.0000000   0.0000000   0.0000000   0.0000000   0.0000000
   0.0000000   0.0000000   0.0000000   0.0000000   0.0000000   0.0000000   0.0000000
   0.0000000   0.0000000   0.0000000   0.0000000   0.0000000   0.0000000   0.0000000
   0.0000000   0.0000000   0.0000000   0.0000000   0.0000000   0.0000000   0.0000000
   0.0000000   0.0000000   0.0000000   0.0000000   0.0000000   0.0000000   0.0000000
   0.0000000   0.0000000   0.0000000   0.0000000   0.0000000   0.0000000   0.0000000
   0.0000000   0.0000000   0.0000000   0.0000000   0.0000000   0.0000000   0.0000000
   0.0000000   0.0000000   0.0000000   0.0000000   0.0000000   0.0000000   0.0000000
   0.0000000   0.0000000   0.0000000   0.0000000   0.0000000   0.0000000   0.0000000
   0.0000000   0.0000000   0.0000000   0.0000000   0.0000000   0.0000000   0.0000000
   0.0000000   0.0000000   0.0000000   0.0000000   0.0000000   0.0000000   0.0000000
   0.0000000   0.0000000   0.0000000   0.0000000   0.0000000   0.0000000   0.0000000
   0.0000000   0.0000000   0.0000000   0.0000000   0.0000000   0.0000000   0.0000000
   0.0000000   0.0000000   0.0000000   0.0000000   0.0000000   0.0000000   0.0000000
   0.0000000   0.0000000   0.0000000   0.0000000   0.0000000   0.0000000   0.0000000
   0.0000000   0.0000000   0.0000000   0.0000000   0.0000000   0.0000000   0.0000000
   0.0000000   0.0000000   0.0000000   0.0000000   0.0000000   0.0000000   0.0000000
   0.0000000   0.0000000   0.0000000   0.0000000   0.0000000   0.0000000   0.0000000
   0.0000000   0.0000000   0.0000000   0.0000000   0.0000000   0.0000000   0.0000000
   0.0000000   0.0000000   0.0000000   0.0000000   0.0000000   0.0000000   0.0000000
   0.0000000   0.0000000   0.0000000   0.0000000   0.0000000   0.0000000   0.0000000
   0.0000000   0.0000000   0.0000000   0.0000000   0.0000000   0.0000000   0.0000000
   0.0000000   0.0000000   0.0000000   0.0000000   0.0000000
   1.2541993   1.2610633   1.2693225   1.2866231   1.3096429   1.3392648   1.3756437
   1.4190724   1.4681044   1.5229667   1.5840681   1.6493538   1.7161183   1.7793019
   1.8313247   1.8653597   1.8807859   1.8768694   1.8566918   1.8223460   1.7742563
   1.7153130   1.6486561   1.5812309   1.5215484   1.4778721   1.4518224   1.4452614
   1.4578328   1.4920947   1.5501813   1.6300655   1.7286111   1.8317423   1.9216799
   1.9847416   2.0176803   2.0184151   1.9939959   1.9505459   1.8914850   1.8199385
   1.7392175   1.6606437   1.5997300   1.5690141   1.5696167   1.6007095   1.6492288
   1.6969475   1.7318217   1.7515373   1.7557068   1.7495372   1.7420420   1.7376316
   1.7373047   1.7411453   1.7468956   1.7509341   1.7513716   1.7477250   1.7396072
   1.7278801   1.7128768   1.6945229   1.6736655   1.6513735   1.6300210   1.6139735
   1.6064827   1.6074151   1.6159333   1.6272552   1.6338130   1.6304665   1.6168562
   1.5935963   1.5658496   1.5421524   1.5278944   1.5234204   1.5278848   1.5356060
   1.5377253   1.5287454   1.5076034   1.4739915   1.4327062   1.3895640   1.3477631
   1.3090097   1.2746958   1.2448469   1.2205805   1.2034818   1.1928850   1.1877486
   1.1842987   1.1768870   1.1615882   1.1376216   1.1047567   1.0663997   1.0265002
   0.9871594   0.9497949   0.9157190   0.8854986   0.8609728   0.8441576   0.8345038
   0.8311340   0.8305505   0.8274989   0.8183719   0.8024490   0.7795785   0.7526176
   0.7256485   0.7007993   0.6788102   0.6600008   0.6428149   0.6251645   0.6061265
   0.5852753   0.5623315   0.5380995   0.5133346   0.4881919   0.4631340   0.4386126
   0.4146910   0.3920621   0.3714635   0.3525628   0.3348390   0.3171880   0.2974072
   0.2737246   0.2463827   0.2159481   0.1841715   0.1539528   0.1273870   0.1047163
   0.0859448   0.0699629   0.0550834   0.0404007   0.0255858   0.0105002  -0.0048003
  -0.0202137  -0.0358070  -0.0515124  -0.0671664  -0.0823200  -0.0965012  -0.1091889
  -0.1202696  -0.1295104  -0.1366215  -0.1403252  -0.1433072
   0.0000000   0.0000000   0.0000000   0.0000000   0.0000000   0.0000000   0.0000000
   0.0000000   0.0000000   0.0000000   0.0000000   0.0000000   0.0000000   0.0000000
   0.0000000   0.0000000   0.0000000   0.0000000   0.0000000   0.0000000   0.0000000
   0.0000000   0.0000000   0.0000000   0.0000000   0.0000000   0.0000000   0.0000000
   0.0000000   0.0000000   0.0000000   0.0000000   0.0000000   0.0000000   0.0000000
   0.0000000   0.0000000   0.0000000   0.0000000   0.0000000   0.0000000   0.0000000
   0.0000000   0.0000000   0.0000000   0.0000000   0.0000000   0.0000000   0.0000000
   0.0000000   0.0000000   0.0000000   0.0000000   0.0000000   0.0000000   0.0000000
   0.0000000   0.0000000   0.0000000   0.0000000   0.0000000   0.0000000   0.0000000
   0.0000000   0.0000000   0.0000000   0.0000000   0.0000000   0.0000000   0.0000000
   0.0000000   0.0000000   0.0000000   0.0000000   0.0000000   0.0000000   0.0000000
   0.0000000   0.0000000   0.0000000   0.0000000   0.0000000   0.0000000   0.0000000
   0.0000000   0.0000000   0.0000000   0.0000000   0.0000000   0.0000000   0.0000000
   0.0000000   0.0000000   0.0000000   0.0000000   0.0000000   0.0000000   0.0000000
   0.0000000   0.0000000   0.0000000   0.0000000   0.0000000   0.0000000   0.0000000
   0.0000000   0.0000000   0.0000000   0.0000000   0.0000000   0.0000000   0.0000000
   0.0000000   0.0000000   0.0000000   0.0000000   0.0000000   0.0000000   0.0000000
   0.0000000   0.0000000   0.0000000   0.0000000   0.0000000   0.0000000   0.0000000
   0.0000000   0.0000000   0.0000000   0.0000000   0.0000000   0.0000000   0.0000000
   0.0000000   0.0000000   0.0000000   0.0000000   0.0000000   0.0000000   0.0000000
   0.0000000   0.0000000   0.0000000   0.0000000   0.0000000   0.0000000   0.0000000
   0.0000000   0.0000000   0.0000000   0.0000000   0.0000000   0.0000000   0.0000000
   0.0000000   0.0000000   0.0000000   0.0000000   0.0000000   0.0000000   0.0000000
   0.0000000   0.0000000   0.0000000   0.0000000   0.0000000
  -0.0952586  -0.0948299  -0.0954880  -0.0986544  -0.1098932  -0.1319418  -0.1640407
  -0.2040485  -0.2429041  -0.2677627  -0.2695049  -0.2463768  -0.1973689  -0.1302498
  -0.0519786   0.0337664   0.1227159   0.2102940   0.2897184   0.3508363   0.3838323
   0.3880259   0.3628094   0.3148227   0.2508096   0.1739091   0.0881233  -0.0029020
  -0.0937352  -0.1786852  -0.2504437  -0.3074668  -0.3474316  -0.3674335  -0.3596605
  -0.3186373  -0.2462595  -0.1463499  -0.0387644   0.0490985   0.0972040   0.1025422
   0.0649733   0.0005798  -0.0693905  -0.1317357  -0.1824582  -0.2192190  -0.2424249
  -0.2523130  -0.2468975  -0.2276050  -0.1965819  -0.1628906  -0.1403775  -0.1391367
  -0.1597416  -0.2008024  -0.2512005  -0.2934744  -0.3159010  -0.3177050  -0.3002200
  -0.2731664  -0.2525209  -0.2486427  -0.2624172  -0.2929717  -0.3325809  -0.3688541
  -0.3939066  -0.4067017  -0.4074192  -0.4006351  -0.3937885  -0.3911816  -0.3936099
  -0.4011134  -0.4116162  -0.4214446  -0.4286318  -0.4329475  -0.4345337  -0.4348302
  -0.4362266  -0.4400919  -0.4466764  -0.4559946  -0.4667656  -0.4772163  -0.4863345
  -0.4938094  -0.4994898  -0.5040448  -0.5084665  -0.5132554  -0.5184675  -0.5240055
  -0.5293627  -0.5335622  -0.5359779  -0.5366656  -0.5358032  -0.5343226  -0.5336572
  -0.5348064  -0.5378650  -0.5427569  -0.5486141  -0.5538966  -0.5576776  -0.5599527
  -0.5609920  -0.5620033  -0.5650401  -0.5713843  -0.5811843  -0.5943703  -0.6093117
  -0.6238410  -0.6366414  -0.6472858  -0.6555519  -0.6622740  -0.6684717  -0.6745909
  -0.6808971  -0.6875871  -0.6946879  -0.7025418  -0.7115105  -0.7213547  -0.7316630
  -0.7414474  -0.7489247  -0.7527002  -0.7528575  -0.7496718  -0.7446400  -0.7400105
  -0.7373386  -0.7368764  -0.7386290  -0.7418049  -0.7451780  -0.7480627  -0.7502640
  -0.7516616  -0.7522873  -0.7522846  -0.7516017  -0.7502494  -0.7481828  -0.7454374
  -0.7416110  -0.7365685  -0.7305278  -0.7239248  -0.7181774  -0.7156938  -0.7182704
  -0.7258061  -0.7378561  -0.7517074  -0.7597690  -0.7675502
   0.0000000   0.0000000   0.0000000   0.0000000   0.0000000   0.0000000   0.0000000
   0.0000000   0.0000000   0.0000000   0.0000000   0.0000000   0.0000000   0.0000000
   0.0000000   0.0000000   0.0000000   0.0000000   0.0000000   0.0000000   0.0000000
   0.0000000   0.0000000   0.0000000   0.0000000   0.0000000   0.0000000   0.0000000
   0.0000000   0.0000000   0.0000000   0.0000000   0.0000000   0.0000000   0.0000000
   0.0000000   0.0000000   0.0000000   0.0000000   0.0000000   0.0000000   0.0000000
   0.0000000   0.0000000   0.0000000   0.0000000   0.0000000   0.0000000   0.0000000
   0.0000000   0.0000000   0.0000000   0.0000000   0.0000000   0.0000000   0.0000000
   0.0000000   0.0000000   0.0000000   0.0000000   0.0000000   0.0000000   0.0000000
   0.0000000   0.0000000   0.0000000   0.0000000   0.0000000   0.0000000   0.0000000
   0.0000000   0.0000000   0.0000000   0.0000000   0.0000000   0.0000000   0.0000000
   0.0000000   0.0000000   0.0000000   0.0000000   0.0000000   0.0000000   0.0000000
   0.0000000   0.0000000   0.0000000   0.0000000   0.0000000   0.0000000   0.0000000
   0.0000000   0.0000000   0.0000000   0.0000000   0.0000000   0.0000000   0.0000000
   0.0000000   0.0000000   0.0000000   0.0000000   0.0000000   0.0000000   0.0000000
   0.0000000   0.0000000   0.0000000   0.0000000   0.0000000   0.0000000   0.0000000
   0.0000000   0.0000000   0.0000000   0.0000000   0.0000000   0.0000000   0.0000000
   0.0000000   0.0000000   0.0000000   0.0000000   0.0000000   0.0000000   0.0000000
   0.0000000   0.0000000   0.0000000   0.0000000   0.0000000   0.0000000   0.0000000
   0.0000000   0.0000000   0.0000000   0.0000000   0.0000000   0.0000000   0.0000000
   0.0000000   0.0000000   0.0000000   0.0000000   0.0000000   0.0000000   0.0000000
   0.0000000   0.0000000   0.0000000   0.0000000   0.0000000   0.0000000   0.0000000
   0.0000000   0.0000000   0.0000000   0.0000000   0.0000000   0.0000000   0.0000000
   0.0000000   0.0000000   0.0000000   0.0000000   0.0000000
  -0.8633315  -0.8642099  -0.8657538  -0.8706238  -0.8802940  -0.8968793  -0.9206754
  -0.9516585  -0.9869724  -1.0245862  -1.0626843  -1.0997712  -1.1336279  -1.1599189
  -1.1726570  -1.1667030  -1.1410550  -1.0944336  -1.0308002  -0.9520083  -0.8581237
  -0.7526831  -0.6394601  -0.5253476  -0.4190914  -0.3293949  -0.2581278  -0.2073622
  -0.1778523  -0.1739247  -0.1993636  -0.2516336  -0.3270845  -0.4092697  -0.4766071
  -0.5131934  -0.5151628  -0.4801452  -0.4182439  -0.3394101  -0.2480276  -0.1491703
  -0.0479547   0.0473631   0.1227805   0.1656535   0.1766122   0.1581905   0.1241458
   0.0955844   0.0870126   0.1004058   0.1353589   0.1832183   0.2299435   0.2672769
   0.2937825   0.3093252   0.3177142   0.3247862   0.3335228   0.3451288   0.3606007
   0.3802617   0.4052281   0.4371910   0.4753575   0.5185894   0.5637217   0.6055238
   0.6400559   0.6670909   0.6870531   0.7032153   0.7212404   0.7446641   0.7736529
   0.8075481   0.8427668   0.8731752   0.8946015   0.9070398   0.9111538   0.9109323
   0.9125865   0.9200297   0.9340824   0.9549263   0.9797727   1.0047503   1.0278432
   1.0482372   1.0653960   1.0801546   1.0934371   1.1054679   1.1164959   1.1266930
   1.1364475   1.1462229   1.1563414   1.1670190   1.1784003   1.1902012   1.2024698
   1.2153209   1.2284004   1.2411772   1.2526888   1.2608726   1.2642322   1.2629431
   1.2574900   1.2504417   1.2456017   1.2456551   1.2509349   1.2613560   1.2748110
   1.2882107   1.2996240   1.3086661   1.3152518   1.3201374   1.3245233   1.3289330
   1.3336388   1.3388592   1.3446927   1.3515691   1.3599306   1.3695410   1.3799938
   1.3902138   1.3983770   1.4030535   1.4042609   1.4021957   1.3981705   1.3942530
   1.3917576   1.3909110   1.3916556   1.3930620   1.3936371   1.3925326   1.3895706
   1.3846682   1.3784569   1.3715264   1.3641810   1.3567669   1.3496751   1.3435021
   1.3395734   1.3388706   1.3412431   1.3462657   1.3519222   1.3552626   1.3542817
   1.3485890   1.3380447   1.3249631   1.3176599   1.3100258
   0.0000000   0.0000000   0.0000000   0.0000000   0.0000000   0.0000000   0.0000000
   0.0000000   0.0000000   0.0000000   0.0000000   0.0000000   0.0000000   0.0000000
   0.0000000   0.0000000   0.0000000   0.0000000   0.0000000   0.0000000   0.0000000
   0.0000000   0.0000000   0.0000000   0.0000000   0.0000000   0.0000000   0.0000000
   0.0000000   0.0000000   0.0000000   0.0000000   0.0000000   0.0000000   0.0000000
   0.0000000   0.0000000   0.0000000   0.0000000   0.0000000   0.0000000   0.0000000
   0.0000000   0.0000000   0.0000000   0.0000000   0.0000000   0.0000000   0.0000000
   0.0000000   0.0000000   0.0000000   0.0000000   0.0000000   0.0000000   0.0000000
   0.0000000   0.0000000   0.0000000   0.0000000   0.0000000   0.0000000   0.0000000
   0.0000000   0.0000000   0.0000000   0.0000000   0.0000000   0.0000000   0.0000000
   0.0000000   0.0000000   0.0000000   0.0000000   0.0000000   0.0000000   0.0000000
   0.0000000   0.0000000   0.0000000   0.0000000   0.0000000   0.0000000   0.0000000
   0.0000000   0.0000000   0.0000000   0.0000000   0.0000000   0.0000000   0.0000000
   0.0000000   0.0000000   0.0000000   0.0000000   0.0000000   0.0000000   0.0000000
   0.0000000   0.0000000   0.0000000   0.0000000   0.0000000   0.0000000   0.0000000
   0.0000000   0.0000000   0.0000000   0.0000000   0.0000000   0.0000000   0.0000000
   0.0000000   0.0000000   0.0000000   0.0000000   0.0000000   0.0000000   0.0000000
   0.0000000   0.0000000   0.0000000   0.0000000   0.0000000   0.0000000   0.0000000
   0.0000000   0.0000000   0.0000000   0.0000000   0.0000000   0.0000000   0.0000000
   0.0000000   0.0000000   0.0000000   0.0000000   0.0000000   0.0000000   0.0000000
   0.0000000   0.0000000   0.0000000   0.0000000   0.0000000   0.0000000   0.0000000
   0.0000000   0.0000000   0.0000000   0.0000000   0.0000000   0.0000000   0.0000000
   0.0000000   0.0000000   0.0000000   0.0000000   0.0000000   0.0000000   0.0000000
   0.0000000   0.0000000   0.0000000   0.0000000   0.0000000
 0.3010811  0.4634082      ! Amplitude Factors
 102.0                     ! Antenna Bearing
 DUCK                      ! Site Code
 36.1803167  -75.7501500   ! Site Lat Lon
 1.0                       ! Degree Resolution
 0.0                       ! Degree Smoothing
 2013 11 01  16 43 30      ! Date Year Mo Day Hr Mn Sec
 NoSmoothing_JetSkiAPM_11/1/13
 84845253-D275-4863-BDB4-D4727290F44F   ! UUID
 106.0      117.4          ! Phase Corrections
