  63
   1   6.000    1
 0.
 360.0 
   1  12.000    2
 0.
 360.0 
   1  18.000    3
 0.
 360.0 
   1  24.000    4
 0.
 360.0 
   1  30.000    5
 0.
 360.0 
   1  36.000    6
 0.
 360.0 
   1  42.000    7
 0.
 360.0 
   1  48.000    8
 0.
 360.0 
   1  54.000    9
 0.
 360.0 
   1  60.000   10
 0.
 360.0 
   1  66.000   11
 0.
 360.0 
   1  72.000   12
 0.
 360.0 
   1  78.000   13
 0.
 360.0 
   1  84.000   14
 0.
 360.0 
   1  90.000   15
 0.
 360.0 
   1  96.000   16
 0.
 360.0 
   1 102.000   17
 0.
 360.0 
   1 108.000   18
 0.
 360.0 
   1 114.000   19
 0.
 360.0 
   1 120.000   20
 0.
 360.0 
   1 136.000   21
 0.
 360.0 
   1 132.000   22
 0.
 360.0 
   1 138.000   23
 0.
 360.0 
   1 144.000   24
 0.
 360.0 
   1 150.000   25
 0.
 360.0 
   1 156.000   26
 0.
 360.0 
   1 162.000   27
 0.
 360.0 
   1 168.000   28
 0.
 360.0 
   1 174.000   29
 0.
 360.0 
   1 180.000   30
 0.
 360.0 
   1 186.000   31
 0.
 360.0 
   1 192.000   32
 0.
 360.0 
   1 198.000   33
 0.
 360.0 
   1 204.000   34
 0.
 360.0 
   1 210.000   35
 0.
 360.0 
   1 216.000   36
 0.
 360.0 
   1 222.000   37
 0.
 360.0 
   1 228.000   38
 0.
 360.0 
   1 234.000   39
 0.
 360.0 
   1 240.000   40
 0.
 360.0 
   1 246.000   41
 0.
 360.0 
   1 252.000   42
 0.
 360.0 
   1 258.000   43
 0.
 360.0
   1 264.000   44
 0.
 360.0
   1 270.000   45
 0.
 360.0
   1 276.000   46
 0.
 360.0
   1 282.000   47
 0.
 360.0
   1 288.000   48
 0.
 360.0
   1 294.000   49
 0.
 360.0
   1 300.000   50
 0.
 360.0
   1 306.000   51
 0.
 360.0
   1 312.000   52
 0.
 360.0
   1 318.000   53
 0.
 360.0
   1 324.000   54
 0.
 360.0
   1 330.000   55
 0.
 360.0
   1 336.000   56
 0.
 360.0
   1 342.000   57
 0.
 360.0
   1 348.000   58
 0.
 360.0
   1 354.000   59
 0.
 360.0
   1 360.000   60
 0.
 360.0
   1 366.000   61
 0.
 360.0
   1 372.000   62
 0.
 360.0
   1 378.000   63
 0.
 360.0
