37     6.00000   0.0    35.2600000  -75.5200000 HATY  5.0
1    12.00000      0
 267.5
 135.0
1    18.00000      1
 265.0
 140.0
1    24.00000      2
 255.0
 170.0
1    30.00000      3
 255.0
 170.0
1    36.00000      4
 257.5
 175.0
1    42.00000      5
 257.5
 175.0
1    48.00000      6
 257.5
 175.0
1    54.00000      7
 257.5
 175.0
1    60.00000      8
 257.5
 175.0
1    66.00000      9
 257.5
 175.0
1    72.00000     10
 257.5
 175.0
1    78.00000     11
 257.5
 175.0
1    84.00000     12
 257.5
 175.0
1    90.00000     13
 257.5
 175.0
1    96.00000     14
 257.5
 175.0
1   102.00000     15
 257.5
 175.0
1   108.00000     16
 257.5
 175.0
1   114.00000     17
 257.5
 175.0
1   120.00000     18
 257.5
 175.0
1   126.00000     19
 257.5
 175.0
1   132.00000     20
 257.5
 175.0
1   138.00000     21
 257.5
 175.0
1   144.00000     22
 257.5
 175.0
1   150.00000     23
 257.5
 175.0
1   156.00000     24
 257.5
 175.0
1   162.00000     25
 257.5
 175.0
1   168.00000     26
 257.5
 175.0
1   174.00000     27
 257.5
 175.0
1   180.00000     28
 257.5
 175.0
1   186.00000     29
 257.5
 175.0
1   192.00000     30
 257.5
 175.0
1   198.00000     31
 257.5
 175.0
1   204.00000     32
 257.5
 175.0
1   210.00000     33
 257.5
 175.0
1   216.00000     34
 257.5
 175.0
1   222.00000     35
 257.5
 175.0
1   228.00000     36
 257.5
 175.0
