33     5.82500   0.0    35.1029833  -75.9604333 OCRA  5.0
1     5.82500      0
 215.0
 150.0
1    11.65000      1
 215.0
 150.0
1    17.47500      2
 215.0
 150.0
1    23.30000      3
 215.0
 150.0
1    29.12500      4
 215.0
 150.0
1    34.95000      5
 215.0
 150.0
1    40.77500      6
 212.5
 145.0
1    46.60000      7
 215.0
 150.0
1    52.42500      8
 215.0
 150.0
1    58.25000      9
 215.0
 150.0
1    64.07500     10
 215.0
 150.0
1    69.90000     11
 215.0
 150.0
1    75.72500     12
 215.0
 150.0
1    81.55000     13
 215.0
 150.0
1    87.37500     14
 215.0
 150.0
1    93.20000     15
 215.0
 150.0
1    99.02500     16
 215.0
 150.0
1   104.85000     17
 215.0
 150.0
1   110.67500     18
 215.0
 150.0
1   116.50000     19
 215.0
 150.0
1   122.32500     20
 215.0
 150.0
1   128.15000     21
 215.0
 150.0
1   133.97500     22
 215.0
 150.0
1   139.80000     23
 215.0
 150.0
1   145.62500     24
 215.0
 150.0
1   151.45000     25
 215.0
 150.0
1   157.27500     26
 215.0
 150.0
1   163.10000     27
 215.0
 150.0
1   168.92500     28
 215.0
 150.0
1   174.75000     29
 215.0
 150.0
1   180.57500     30
 215.0
 150.0
1   186.40000     31
 215.0
 150.0
1   192.22500     32
 215.0
 150.0
