 360
      -179.0      -178.0      -177.0      -176.0      -175.0      -174.0      -173.0
      -172.0      -171.0      -170.0      -169.0      -168.0      -167.0      -166.0
      -165.0      -164.0      -163.0      -162.0      -161.0      -160.0      -159.0
      -158.0      -157.0      -156.0      -155.0      -154.0      -153.0      -152.0
      -151.0      -150.0      -149.0      -148.0      -147.0      -146.0      -145.0
      -144.0      -143.0      -142.0      -141.0      -140.0      -139.0      -138.0
      -137.0      -136.0      -135.0      -134.0      -133.0      -132.0      -131.0
      -130.0      -129.0      -128.0      -127.0      -126.0      -125.0      -124.0
      -123.0      -122.0      -121.0      -120.0      -119.0      -118.0      -117.0
      -116.0      -115.0      -114.0      -113.0      -112.0      -111.0      -110.0
      -109.0      -108.0      -107.0      -106.0      -105.0      -104.0      -103.0
      -102.0      -101.0      -100.0       -99.0       -98.0       -97.0       -96.0
       -95.0       -94.0       -93.0       -92.0       -91.0       -90.0       -89.0
       -88.0       -87.0       -86.0       -85.0       -84.0       -83.0       -82.0
       -81.0       -80.0       -79.0       -78.0       -77.0       -76.0       -75.0
       -74.0       -73.0       -72.0       -71.0       -70.0       -69.0       -68.0
       -67.0       -66.0       -65.0       -64.0       -63.0       -62.0       -61.0
       -60.0       -59.0       -58.0       -57.0       -56.0       -55.0       -54.0
       -53.0       -52.0       -51.0       -50.0       -49.0       -48.0       -47.0
       -46.0       -45.0       -44.0       -43.0       -42.0       -41.0       -40.0
       -39.0       -38.0       -37.0       -36.0       -35.0       -34.0       -33.0
       -32.0       -31.0       -30.0       -29.0       -28.0       -27.0       -26.0
       -25.0       -24.0       -23.0       -22.0       -21.0       -20.0       -19.0
       -18.0       -17.0       -16.0       -15.0       -14.0       -13.0       -12.0
       -11.0       -10.0        -9.0        -8.0        -7.0        -6.0        -5.0
        -4.0        -3.0        -2.0        -1.0         0.0         1.0         2.0
         3.0         4.0         5.0         6.0         7.0         8.0         9.0
        10.0        11.0        12.0        13.0        14.0        15.0        16.0
        17.0        18.0        19.0        20.0        21.0        22.0        23.0
        24.0        25.0        26.0        27.0        28.0        29.0        30.0
        31.0        32.0        33.0        34.0        35.0        36.0        37.0
        38.0        39.0        40.0        41.0        42.0        43.0        44.0
        45.0        46.0        47.0        48.0        49.0        50.0        51.0
        52.0        53.0        54.0        55.0        56.0        57.0        58.0
        59.0        60.0        61.0        62.0        63.0        64.0        65.0
        66.0        67.0        68.0        69.0        70.0        71.0        72.0
        73.0        74.0        75.0        76.0        77.0        78.0        79.0
        80.0        81.0        82.0        83.0        84.0        85.0        86.0
        87.0        88.0        89.0        90.0        91.0        92.0        93.0
        94.0        95.0        96.0        97.0        98.0        99.0       100.0
       101.0       102.0       103.0       104.0       105.0       106.0       107.0
       108.0       109.0       110.0       111.0       112.0       113.0       114.0
       115.0       116.0       117.0       118.0       119.0       120.0       121.0
       122.0       123.0       124.0       125.0       126.0       127.0       128.0
       129.0       130.0       131.0       132.0       133.0       134.0       135.0
       136.0       137.0       138.0       139.0       140.0       141.0       142.0
       143.0       144.0       145.0       146.0       147.0       148.0       149.0
       150.0       151.0       152.0       153.0       154.0       155.0       156.0
       157.0       158.0       159.0       160.0       161.0       162.0       163.0
       164.0       165.0       166.0       167.0       168.0       169.0       170.0
       171.0       172.0       173.0       174.0       175.0       176.0       177.0
       178.0       179.0       180.0
  -0.3547354  -0.3554291  -0.3559625  -0.3564135  -0.3564220  -0.3560145  -0.3551974
  -0.3543087  -0.3530284  -0.3515899  -0.3500857  -0.3485786  -0.3469245  -0.3456635
  -0.3445788  -0.3436645  -0.3427787  -0.3413897  -0.3387985  -0.3352665  -0.3307718
  -0.3257343  -0.3206987  -0.3158623  -0.3102888  -0.3039432  -0.2976075  -0.2907589
  -0.2837094  -0.2779296  -0.2739802  -0.2708773  -0.2688170  -0.2674911  -0.2655350
  -0.2624843  -0.2590735  -0.2544927  -0.2490395  -0.2445401  -0.2396945  -0.2332342
  -0.2262076  -0.2186638  -0.2100059  -0.2018958  -0.1955131  -0.1902673  -0.1862515
  -0.1835786  -0.1816870  -0.1802210  -0.1797761  -0.1801176  -0.1805260  -0.1809870
  -0.1811318  -0.1810570  -0.1808737  -0.1806173  -0.1805861  -0.1812854  -0.1820240
  -0.1825295  -0.1824664  -0.1816738  -0.1801261  -0.1786752  -0.1775831  -0.1771205
  -0.1770935  -0.1766480  -0.1750760  -0.1731378  -0.1712985  -0.1695305  -0.1681718
  -0.1672222  -0.1652880  -0.1615190  -0.1571968  -0.1520275  -0.1467260  -0.1417496
  -0.1372148  -0.1319021  -0.1261162  -0.1196270  -0.1127573  -0.1054512  -0.0979661
  -0.0892880  -0.0797845  -0.0699377  -0.0603416  -0.0506683  -0.0425507  -0.0345511
  -0.0258497  -0.0153978  -0.0049045   0.0057338   0.0151838   0.0237737   0.0316537
   0.0404944   0.0504455   0.0626541   0.0752275   0.0874034   0.0978261   0.1077122
   0.1164165   0.1258008   0.1350132   0.1449863   0.1543455   0.1626455   0.1692999
   0.1753797   0.1804285   0.1852758   0.1901127   0.1945596   0.1980740   0.2015531
   0.2045668   0.2075208   0.2112131   0.2158592   0.2203821   0.2251524   0.2297503
   0.2338280   0.2373862   0.2411767   0.2445160   0.2478786   0.2516587   0.2556036
   0.2594843   0.2633945   0.2669552   0.2705551   0.2740642   0.2771202   0.2795458
   0.2813845   0.2816493   0.2804002   0.2795009   0.2786004   0.2797247   0.2829656
   0.2873739   0.2927165   0.2993192   0.3054583   0.3133076   0.3228893   0.3331823
   0.3432850   0.3527585   0.3594787   0.3650253   0.3696868   0.3741780   0.3795712
   0.3861568   0.3916169   0.3968090   0.4018264   0.4050800   0.4059455   0.4064417
   0.4054773   0.4037636   0.4018337   0.3996152   0.3977406   0.3961047   0.3945974
   0.3933197   0.3934934   0.3947834   0.3976690   0.4019857   0.4068352   0.4116282
   0.4165187   0.4202983   0.4232709   0.4259378   0.4287124   0.4307010   0.4317915
   0.4312174   0.4291150   0.4258263   0.4217968   0.4180132   0.4150966   0.4133005
   0.4123108   0.4112973   0.4102768   0.4099539   0.4098968   0.4094097   0.4090073
   0.4085471   0.4071471   0.4050429   0.4025632   0.3990351   0.3954990   0.3914624
   0.3868355   0.3805771   0.3741448   0.3668295   0.3590211   0.3515740   0.3453183
   0.3387811   0.3314339   0.3233692   0.3144695   0.3042801   0.2947994   0.2863582
   0.2778994   0.2684062   0.2580197   0.2468835   0.2357027   0.2259960   0.2181208
   0.2135384   0.2109676   0.2096161   0.2090472   0.2092366   0.2098223   0.2099812
   0.2093908   0.2077790   0.2039835   0.1977732   0.1884011   0.1772348   0.1651609
   0.1536827   0.1426095   0.1330129   0.1246289   0.1164210   0.1086113   0.1023280
   0.0975319   0.0936229   0.0909418   0.0892747   0.0871183   0.0834377   0.0791010
   0.0740449   0.0679435   0.0607915   0.0537387   0.0464640   0.0391596   0.0309101
   0.0214358   0.0121624   0.0049969  -0.0009069  -0.0043750  -0.0056849  -0.0057410
  -0.0065727  -0.0080295  -0.0087657  -0.0088581  -0.0099449  -0.0127780  -0.0138472
  -0.0130641  -0.0090523  -0.0000012   0.0151561   0.0334841   0.0541518   0.0712204
   0.0820443   0.0878705   0.0909335   0.0891728   0.0886192   0.0837459   0.0730790
   0.0580250   0.0369971   0.0073515  -0.0185977  -0.0379501  -0.0553224  -0.0703088
  -0.0835486  -0.1015371  -0.1199505  -0.1380926  -0.1572902  -0.1731137  -0.1825233
  -0.1933847  -0.2057664  -0.2157881  -0.2250808  -0.2342311  -0.2440096  -0.2533167
  -0.2620406  -0.2702101  -0.2782824  -0.2847663  -0.2901063  -0.2945067  -0.2981784
  -0.3013311  -0.3051266  -0.3091561  -0.3131405  -0.3171227  -0.3207820  -0.3246542
  -0.3291781  -0.3339374  -0.3385928  -0.3432494  -0.3463461  -0.3482233  -0.3496343
  -0.3506029  -0.3509289  -0.3511101  -0.3506057  -0.3494364  -0.3480460  -0.3469412
  -0.3463980  -0.3464948  -0.3469920  -0.3477347  -0.3485366  -0.3495001  -0.3505416
  -0.3516228  -0.3527143  -0.3538840
   0.0000000   0.0000000   0.0000000   0.0000000   0.0000000   0.0000000   0.0000000
   0.0000000   0.0000000   0.0000000   0.0000000   0.0000000   0.0000000   0.0000000
   0.0000000   0.0000000   0.0000000   0.0000000   0.0000000   0.0000000   0.0000000
   0.0000000   0.0000000   0.0000000   0.0000000   0.0000000   0.0000000   0.0000000
   0.0000000   0.0000000   0.0000000   0.0000000   0.0000000   0.0000000   0.0000000
   0.0000000   0.0000000   0.0000000   0.0000000   0.0000000   0.0000000   0.0000000
   0.0000000   0.0000000   0.0000000   0.0000000   0.0000000   0.0000000   0.0000000
   0.0000000   0.0000000   0.0000000   0.0000000   0.0000000   0.0000000   0.0000000
   0.0000000   0.0000000   0.0000000   0.0000000   0.0000000   0.0000000   0.0000000
   0.0000000   0.0000000   0.0000000   0.0000000   0.0000000   0.0000000   0.0000000
   0.0000000   0.0000000   0.0000000   0.0000000   0.0000000   0.0000000   0.0000000
   0.0000000   0.0000000   0.0000000   0.0000000   0.0000000   0.0000000   0.0000000
   0.0000000   0.0000000   0.0000000   0.0000000   0.0000000   0.0000000   0.0000000
   0.0000000   0.0000000   0.0000000   0.0000000   0.0000000   0.0000000   0.0000000
   0.0000000   0.0000000   0.0000000   0.0000000   0.0000000   0.0000000   0.0000000
   0.0000000   0.0000000   0.0000000   0.0000000   0.0000000   0.0000000   0.0000000
   0.0000000   0.0000000   0.0000000   0.0000000   0.0000000   0.0000000   0.0000000
   0.0000000   0.0000000   0.0000000   0.0000000   0.0000000   0.0000000   0.0000000
   0.0000000   0.0000000   0.0000000   0.0000000   0.0000000   0.0000000   0.0000000
   0.0000000   0.0000000   0.0000000   0.0000000   0.0000000   0.0000000   0.0000000
   0.0000000   0.0000000   0.0000000   0.0000000   0.0000000   0.0000000   0.0000000
   0.0000000   0.0000000   0.0000000   0.0000000   0.0000000   0.0000000   0.0000000
   0.0000000   0.0000000   0.0000000   0.0000000   0.0000000   0.0000000   0.0000000
   0.0000000   0.0000000   0.0000000   0.0000000   0.0000000   0.0000000   0.0000000
   0.0000000   0.0000000   0.0000000   0.0000000   0.0000000   0.0000000   0.0000000
   0.0000000   0.0000000   0.0000000   0.0000000   0.0000000   0.0000000   0.0000000
   0.0000000   0.0000000   0.0000000   0.0000000   0.0000000   0.0000000   0.0000000
   0.0000000   0.0000000   0.0000000   0.0000000   0.0000000   0.0000000   0.0000000
   0.0000000   0.0000000   0.0000000   0.0000000   0.0000000   0.0000000   0.0000000
   0.0000000   0.0000000   0.0000000   0.0000000   0.0000000   0.0000000   0.0000000
   0.0000000   0.0000000   0.0000000   0.0000000   0.0000000   0.0000000   0.0000000
   0.0000000   0.0000000   0.0000000   0.0000000   0.0000000   0.0000000   0.0000000
   0.0000000   0.0000000   0.0000000   0.0000000   0.0000000   0.0000000   0.0000000
   0.0000000   0.0000000   0.0000000   0.0000000   0.0000000   0.0000000   0.0000000
   0.0000000   0.0000000   0.0000000   0.0000000   0.0000000   0.0000000   0.0000000
   0.0000000   0.0000000   0.0000000   0.0000000   0.0000000   0.0000000   0.0000000
   0.0000000   0.0000000   0.0000000   0.0000000   0.0000000   0.0000000   0.0000000
   0.0000000   0.0000000   0.0000000   0.0000000   0.0000000   0.0000000   0.0000000
   0.0000000   0.0000000   0.0000000   0.0000000   0.0000000   0.0000000   0.0000000
   0.0000000   0.0000000   0.0000000   0.0000000   0.0000000   0.0000000   0.0000000
   0.0000000   0.0000000   0.0000000   0.0000000   0.0000000   0.0000000   0.0000000
   0.0000000   0.0000000   0.0000000   0.0000000   0.0000000   0.0000000   0.0000000
   0.0000000   0.0000000   0.0000000   0.0000000   0.0000000   0.0000000   0.0000000
   0.0000000   0.0000000   0.0000000   0.0000000   0.0000000   0.0000000   0.0000000
   0.0000000   0.0000000   0.0000000   0.0000000   0.0000000   0.0000000   0.0000000
   0.0000000   0.0000000   0.0000000   0.0000000   0.0000000   0.0000000   0.0000000
   0.0000000   0.0000000   0.0000000   0.0000000   0.0000000   0.0000000   0.0000000
   0.0000000   0.0000000   0.0000000   0.0000000   0.0000000   0.0000000   0.0000000
   0.0000000   0.0000000   0.0000000   0.0000000   0.0000000   0.0000000   0.0000000
   0.0000000   0.0000000   0.0000000   0.0000000   0.0000000   0.0000000   0.0000000
   0.0000000   0.0000000   0.0000000   0.0000000   0.0000000   0.0000000   0.0000000
   0.0000000   0.0000000   0.0000000
  -0.8299986  -0.8273332  -0.8241288  -0.8211433  -0.8185072  -0.8168602  -0.8161326
  -0.8158807  -0.8153823  -0.8147928  -0.8140275  -0.8132172  -0.8124080  -0.8117373
  -0.8112700  -0.8108805  -0.8103747  -0.8097260  -0.8088545  -0.8078116  -0.8067844
  -0.8058790  -0.8053398  -0.8051323  -0.8048031  -0.8041098  -0.8032034  -0.8019875
  -0.8006868  -0.7998147  -0.7994104  -0.7990827  -0.7988680  -0.7987509  -0.7977046
  -0.7945443  -0.7899361  -0.7831407  -0.7733005  -0.7633211  -0.7528023  -0.7401878
  -0.7259646  -0.7101397  -0.6920409  -0.6739550  -0.6575828  -0.6411413  -0.6255396
  -0.6108284  -0.5980184  -0.5836602  -0.5699837  -0.5572715  -0.5452614  -0.5327223
  -0.5223673  -0.5144482  -0.5093608  -0.5058403  -0.5031447  -0.4999627  -0.4981242
  -0.4972318  -0.4943524  -0.4884983  -0.4799078  -0.4669838  -0.4489646  -0.4288698
  -0.4067774  -0.3845050  -0.3631453  -0.3454468  -0.3314205  -0.3208796  -0.3131343
  -0.3059384  -0.2969878  -0.2854563  -0.2748880  -0.2642179  -0.2540038  -0.2430432
  -0.2314219  -0.2172805  -0.2023467  -0.1863283  -0.1701172  -0.1531558  -0.1346823
  -0.1119806  -0.0870238  -0.0611313  -0.0362517  -0.0128346   0.0065374   0.0246521
   0.0425982   0.0623269   0.0814823   0.0998166   0.1156437   0.1292080   0.1408570
   0.1532942   0.1668294   0.1830823   0.1999600   0.2163537   0.2308014   0.2455478
   0.2597261   0.2756936   0.2919709   0.3096116   0.3258988   0.3404937   0.3539554
   0.3674559   0.3815524   0.3973909   0.4142311   0.4314932   0.4478140   0.4633486
   0.4792222   0.4973684   0.5165958   0.5375875   0.5584944   0.5773978   0.5932567
   0.6075348   0.6193084   0.6310128   0.6428327   0.6544485   0.6661287   0.6801785
   0.6931185   0.7061718   0.7200890   0.7351016   0.7495191   0.7649010   0.7797629
   0.7938456   0.8050405   0.8149237   0.8231119   0.8305759   0.8386962   0.8473549
   0.8544491   0.8620460   0.8697315   0.8761952   0.8836082   0.8931953   0.9016288
   0.9099088   0.9174033   0.9230977   0.9270489   0.9312689   0.9345453   0.9382434
   0.9422918   0.9455667   0.9482756   0.9513073   0.9538048   0.9554648   0.9574564
   0.9597880   0.9618004   0.9632413   0.9637089   0.9634231   0.9623408   0.9604404
   0.9573724   0.9538134   0.9498748   0.9467080   0.9444676   0.9429754   0.9416126
   0.9411495   0.9400365   0.9387329   0.9377244   0.9385265   0.9399771   0.9407298
   0.9409690   0.9396517   0.9368496   0.9320274   0.9260461   0.9186348   0.9120525
   0.9033966   0.8936749   0.8839118   0.8751496   0.8648085   0.8542835   0.8438956
   0.8340778   0.8237265   0.8144136   0.8073615   0.8018653   0.7976994   0.7925521
   0.7866603   0.7801056   0.7728812   0.7646351   0.7554514   0.7465050   0.7368491
   0.7250019   0.7117206   0.6977811   0.6828634   0.6662442   0.6483563   0.6292556
   0.6106759   0.5910877   0.5706542   0.5527794   0.5376686   0.5234413   0.5107530
   0.5011792   0.4939144   0.4886782   0.4864415   0.4864343   0.4884644   0.4886855
   0.4867266   0.4815473   0.4711454   0.4554495   0.4344152   0.4083436   0.3795731
   0.3508791   0.3217413   0.2939550   0.2693131   0.2453101   0.2229109   0.2044553
   0.1898988   0.1777503   0.1680492   0.1606293   0.1524180   0.1430185   0.1328409
   0.1237299   0.1141163   0.1041561   0.0948801   0.0861695   0.0773893   0.0685120
   0.0579630   0.0464165   0.0370108   0.0293926   0.0228608   0.0182071   0.0152908
   0.0113980   0.0050296   0.0001643  -0.0036286  -0.0107442  -0.0236007  -0.0338112
  -0.0408578  -0.0411624  -0.0305641  -0.0061652   0.0245188   0.0605082   0.0881727
   0.1019479   0.1044654   0.1040072   0.0951675   0.0914016   0.0789026   0.0550167
   0.0213350  -0.0265261  -0.0957270  -0.1567749  -0.2035977  -0.2476546  -0.2874858
  -0.3238705  -0.3725494  -0.4225440  -0.4724622  -0.5253681  -0.5710742  -0.6002831
  -0.6321875  -0.6663012  -0.6920673  -0.7131806  -0.7341983  -0.7560778  -0.7760425
  -0.7949485  -0.8126533  -0.8297638  -0.8447780  -0.8589493  -0.8728090  -0.8861227
  -0.8970058  -0.9058651  -0.9107351  -0.9126633  -0.9128406  -0.9119424  -0.9089084
  -0.9071087  -0.9056074  -0.9033377  -0.8999577  -0.8962722  -0.8913781  -0.8867933
  -0.8819334  -0.8766367  -0.8708987  -0.8665385  -0.8607766  -0.8541888  -0.8485668
  -0.8449994  -0.8415830  -0.8393344  -0.8387536  -0.8383822  -0.8372955  -0.8360569
  -0.8348243  -0.8334545  -0.8319596
   0.0000000   0.0000000   0.0000000   0.0000000   0.0000000   0.0000000   0.0000000
   0.0000000   0.0000000   0.0000000   0.0000000   0.0000000   0.0000000   0.0000000
   0.0000000   0.0000000   0.0000000   0.0000000   0.0000000   0.0000000   0.0000000
   0.0000000   0.0000000   0.0000000   0.0000000   0.0000000   0.0000000   0.0000000
   0.0000000   0.0000000   0.0000000   0.0000000   0.0000000   0.0000000   0.0000000
   0.0000000   0.0000000   0.0000000   0.0000000   0.0000000   0.0000000   0.0000000
   0.0000000   0.0000000   0.0000000   0.0000000   0.0000000   0.0000000   0.0000000
   0.0000000   0.0000000   0.0000000   0.0000000   0.0000000   0.0000000   0.0000000
   0.0000000   0.0000000   0.0000000   0.0000000   0.0000000   0.0000000   0.0000000
   0.0000000   0.0000000   0.0000000   0.0000000   0.0000000   0.0000000   0.0000000
   0.0000000   0.0000000   0.0000000   0.0000000   0.0000000   0.0000000   0.0000000
   0.0000000   0.0000000   0.0000000   0.0000000   0.0000000   0.0000000   0.0000000
   0.0000000   0.0000000   0.0000000   0.0000000   0.0000000   0.0000000   0.0000000
   0.0000000   0.0000000   0.0000000   0.0000000   0.0000000   0.0000000   0.0000000
   0.0000000   0.0000000   0.0000000   0.0000000   0.0000000   0.0000000   0.0000000
   0.0000000   0.0000000   0.0000000   0.0000000   0.0000000   0.0000000   0.0000000
   0.0000000   0.0000000   0.0000000   0.0000000   0.0000000   0.0000000   0.0000000
   0.0000000   0.0000000   0.0000000   0.0000000   0.0000000   0.0000000   0.0000000
   0.0000000   0.0000000   0.0000000   0.0000000   0.0000000   0.0000000   0.0000000
   0.0000000   0.0000000   0.0000000   0.0000000   0.0000000   0.0000000   0.0000000
   0.0000000   0.0000000   0.0000000   0.0000000   0.0000000   0.0000000   0.0000000
   0.0000000   0.0000000   0.0000000   0.0000000   0.0000000   0.0000000   0.0000000
   0.0000000   0.0000000   0.0000000   0.0000000   0.0000000   0.0000000   0.0000000
   0.0000000   0.0000000   0.0000000   0.0000000   0.0000000   0.0000000   0.0000000
   0.0000000   0.0000000   0.0000000   0.0000000   0.0000000   0.0000000   0.0000000
   0.0000000   0.0000000   0.0000000   0.0000000   0.0000000   0.0000000   0.0000000
   0.0000000   0.0000000   0.0000000   0.0000000   0.0000000   0.0000000   0.0000000
   0.0000000   0.0000000   0.0000000   0.0000000   0.0000000   0.0000000   0.0000000
   0.0000000   0.0000000   0.0000000   0.0000000   0.0000000   0.0000000   0.0000000
   0.0000000   0.0000000   0.0000000   0.0000000   0.0000000   0.0000000   0.0000000
   0.0000000   0.0000000   0.0000000   0.0000000   0.0000000   0.0000000   0.0000000
   0.0000000   0.0000000   0.0000000   0.0000000   0.0000000   0.0000000   0.0000000
   0.0000000   0.0000000   0.0000000   0.0000000   0.0000000   0.0000000   0.0000000
   0.0000000   0.0000000   0.0000000   0.0000000   0.0000000   0.0000000   0.0000000
   0.0000000   0.0000000   0.0000000   0.0000000   0.0000000   0.0000000   0.0000000
   0.0000000   0.0000000   0.0000000   0.0000000   0.0000000   0.0000000   0.0000000
   0.0000000   0.0000000   0.0000000   0.0000000   0.0000000   0.0000000   0.0000000
   0.0000000   0.0000000   0.0000000   0.0000000   0.0000000   0.0000000   0.0000000
   0.0000000   0.0000000   0.0000000   0.0000000   0.0000000   0.0000000   0.0000000
   0.0000000   0.0000000   0.0000000   0.0000000   0.0000000   0.0000000   0.0000000
   0.0000000   0.0000000   0.0000000   0.0000000   0.0000000   0.0000000   0.0000000
   0.0000000   0.0000000   0.0000000   0.0000000   0.0000000   0.0000000   0.0000000
   0.0000000   0.0000000   0.0000000   0.0000000   0.0000000   0.0000000   0.0000000
   0.0000000   0.0000000   0.0000000   0.0000000   0.0000000   0.0000000   0.0000000
   0.0000000   0.0000000   0.0000000   0.0000000   0.0000000   0.0000000   0.0000000
   0.0000000   0.0000000   0.0000000   0.0000000   0.0000000   0.0000000   0.0000000
   0.0000000   0.0000000   0.0000000   0.0000000   0.0000000   0.0000000   0.0000000
   0.0000000   0.0000000   0.0000000   0.0000000   0.0000000   0.0000000   0.0000000
   0.0000000   0.0000000   0.0000000   0.0000000   0.0000000   0.0000000   0.0000000
   0.0000000   0.0000000   0.0000000   0.0000000   0.0000000   0.0000000   0.0000000
   0.0000000   0.0000000   0.0000000   0.0000000   0.0000000   0.0000000   0.0000000
   0.0000000   0.0000000   0.0000000
   0.0159844   0.0083738  -0.0002131  -0.0088109  -0.0179582  -0.0250780  -0.0302421
  -0.0353344  -0.0405915  -0.0461340  -0.0526964  -0.0605326  -0.0687307  -0.0768670
  -0.0845430  -0.0917726  -0.0994655  -0.1076901  -0.1175154  -0.1299840  -0.1442256
  -0.1583111  -0.1718375  -0.1852045  -0.1992137  -0.2146840  -0.2309506  -0.2473879
  -0.2631817  -0.2752288  -0.2826404  -0.2868605  -0.2892321  -0.2904093  -0.2929425
  -0.2978869  -0.3039896  -0.3121322  -0.3226566  -0.3320505  -0.3428090  -0.3580377
  -0.3761337  -0.3964158  -0.4193602  -0.4411059  -0.4590697  -0.4757904  -0.4914245
  -0.5059386  -0.5184415  -0.5317579  -0.5431851  -0.5525386  -0.5610318  -0.5703488
  -0.5784315  -0.5850965  -0.5894432  -0.5921189  -0.5934496  -0.5948205  -0.5951441
  -0.5950617  -0.5962715  -0.5992815  -0.6037557  -0.6111342  -0.6217560  -0.6337424
  -0.6466823  -0.6588662  -0.6696906  -0.6780895  -0.6840685  -0.6875324  -0.6891023
  -0.6898875  -0.6909646  -0.6928935  -0.6950190  -0.6974110  -0.7000385  -0.7028347
  -0.7052901  -0.7078744  -0.7106002  -0.7133649  -0.7161221  -0.7189850  -0.7216308
  -0.7243833  -0.7268837  -0.7289561  -0.7305847  -0.7320246  -0.7331460  -0.7338681
  -0.7342188  -0.7341477  -0.7339037  -0.7330990  -0.7320673  -0.7309911  -0.7300629
  -0.7289237  -0.7276037  -0.7257138  -0.7233455  -0.7204864  -0.7174635  -0.7140404
  -0.7103501  -0.7059895  -0.7007928  -0.6942643  -0.6872712  -0.6801878  -0.6727797
  -0.6655283  -0.6586900  -0.6510703  -0.6430360  -0.6350227  -0.6272005  -0.6194504
  -0.6117909  -0.6033161  -0.5946655  -0.5861106  -0.5776452  -0.5696868  -0.5629343
  -0.5563211  -0.5497194  -0.5425955  -0.5351291  -0.5269375  -0.5178647  -0.5068025
  -0.4960320  -0.4855243  -0.4747228  -0.4628625  -0.4510674  -0.4388422  -0.4267163
  -0.4154783  -0.4074291  -0.4019011  -0.3969836  -0.3919902  -0.3844330  -0.3744088
  -0.3635872  -0.3506985  -0.3356820  -0.3201498  -0.3014394  -0.2801666  -0.2588445
  -0.2387789  -0.2213796  -0.2085801  -0.1975378  -0.1874588  -0.1780715  -0.1672908
  -0.1556723  -0.1450385  -0.1337352  -0.1218538  -0.1108378  -0.1006145  -0.0887549
  -0.0768773  -0.0641348  -0.0514350  -0.0381217  -0.0244470  -0.0114018   0.0005280
   0.0130678   0.0265180   0.0398416   0.0535785   0.0683384   0.0832115   0.0997349
   0.1157089   0.1316128   0.1469308   0.1626295   0.1763153   0.1906858   0.2067452
   0.2247154   0.2431286   0.2623490   0.2809724   0.2996819   0.3179635   0.3352671
   0.3526398   0.3708957   0.3858009   0.3977576   0.4086966   0.4180715   0.4260432
   0.4345637   0.4436742   0.4524020   0.4601154   0.4674856   0.4736552   0.4815443
   0.4907579   0.5002047   0.5090633   0.5187072   0.5280923   0.5362626   0.5446997
   0.5545857   0.5636795   0.5724747   0.5815222   0.5916051   0.6030257   0.6162764
   0.6282515   0.6402642   0.6519989   0.6609922   0.6680767   0.6765058   0.6842853
   0.6912515   0.6977156   0.7038854   0.7074364   0.7103632   0.7118947   0.7131456
   0.7143260   0.7156240   0.7174086   0.7197975   0.7226597   0.7262126   0.7293844
   0.7321179   0.7342976   0.7360868   0.7374524   0.7392388   0.7405639   0.7414415
   0.7418200   0.7417135   0.7414055   0.7412659   0.7429421   0.7453827   0.7479346
   0.7506774   0.7537408   0.7559345   0.7583971   0.7612168   0.7638766   0.7658945
   0.7674512   0.7671764   0.7661715   0.7649921   0.7631471   0.7604572   0.7577212
   0.7543340   0.7502973   0.7460775   0.7414552   0.7366556   0.7315009   0.7249267
   0.7170044   0.7077881   0.6971026   0.6850142   0.6717126   0.6571141   0.6432238
   0.6312302   0.6212136   0.6125916   0.6049820   0.5964912   0.5896829   0.5848271
   0.5834130   0.5865551   0.5941373   0.6012580   0.6070239   0.6107297   0.6132772
   0.6163329   0.6219144   0.6272764   0.6328240   0.6372276   0.6389299   0.6381139
   0.6384378   0.6399435   0.6431629   0.6482281   0.6543674   0.6613205   0.6684920
   0.6748769   0.6768018   0.6761822   0.6708892   0.6598697   0.6419958   0.6201035
   0.5893922   0.5538455   0.5114502   0.4747649   0.4460214   0.4263718   0.4065651
   0.3939851   0.3811368   0.3646869   0.3405564   0.3206665   0.2996070   0.2781397
   0.2531257   0.2281275   0.1984714   0.1735521   0.1460026   0.1180566   0.0971005
   0.0845748   0.0717456   0.0611950   0.0558004   0.0504704   0.0436772   0.0371707
   0.0314548   0.0261868   0.0216797
   0.0000000   0.0000000   0.0000000   0.0000000   0.0000000   0.0000000   0.0000000
   0.0000000   0.0000000   0.0000000   0.0000000   0.0000000   0.0000000   0.0000000
   0.0000000   0.0000000   0.0000000   0.0000000   0.0000000   0.0000000   0.0000000
   0.0000000   0.0000000   0.0000000   0.0000000   0.0000000   0.0000000   0.0000000
   0.0000000   0.0000000   0.0000000   0.0000000   0.0000000   0.0000000   0.0000000
   0.0000000   0.0000000   0.0000000   0.0000000   0.0000000   0.0000000   0.0000000
   0.0000000   0.0000000   0.0000000   0.0000000   0.0000000   0.0000000   0.0000000
   0.0000000   0.0000000   0.0000000   0.0000000   0.0000000   0.0000000   0.0000000
   0.0000000   0.0000000   0.0000000   0.0000000   0.0000000   0.0000000   0.0000000
   0.0000000   0.0000000   0.0000000   0.0000000   0.0000000   0.0000000   0.0000000
   0.0000000   0.0000000   0.0000000   0.0000000   0.0000000   0.0000000   0.0000000
   0.0000000   0.0000000   0.0000000   0.0000000   0.0000000   0.0000000   0.0000000
   0.0000000   0.0000000   0.0000000   0.0000000   0.0000000   0.0000000   0.0000000
   0.0000000   0.0000000   0.0000000   0.0000000   0.0000000   0.0000000   0.0000000
   0.0000000   0.0000000   0.0000000   0.0000000   0.0000000   0.0000000   0.0000000
   0.0000000   0.0000000   0.0000000   0.0000000   0.0000000   0.0000000   0.0000000
   0.0000000   0.0000000   0.0000000   0.0000000   0.0000000   0.0000000   0.0000000
   0.0000000   0.0000000   0.0000000   0.0000000   0.0000000   0.0000000   0.0000000
   0.0000000   0.0000000   0.0000000   0.0000000   0.0000000   0.0000000   0.0000000
   0.0000000   0.0000000   0.0000000   0.0000000   0.0000000   0.0000000   0.0000000
   0.0000000   0.0000000   0.0000000   0.0000000   0.0000000   0.0000000   0.0000000
   0.0000000   0.0000000   0.0000000   0.0000000   0.0000000   0.0000000   0.0000000
   0.0000000   0.0000000   0.0000000   0.0000000   0.0000000   0.0000000   0.0000000
   0.0000000   0.0000000   0.0000000   0.0000000   0.0000000   0.0000000   0.0000000
   0.0000000   0.0000000   0.0000000   0.0000000   0.0000000   0.0000000   0.0000000
   0.0000000   0.0000000   0.0000000   0.0000000   0.0000000   0.0000000   0.0000000
   0.0000000   0.0000000   0.0000000   0.0000000   0.0000000   0.0000000   0.0000000
   0.0000000   0.0000000   0.0000000   0.0000000   0.0000000   0.0000000   0.0000000
   0.0000000   0.0000000   0.0000000   0.0000000   0.0000000   0.0000000   0.0000000
   0.0000000   0.0000000   0.0000000   0.0000000   0.0000000   0.0000000   0.0000000
   0.0000000   0.0000000   0.0000000   0.0000000   0.0000000   0.0000000   0.0000000
   0.0000000   0.0000000   0.0000000   0.0000000   0.0000000   0.0000000   0.0000000
   0.0000000   0.0000000   0.0000000   0.0000000   0.0000000   0.0000000   0.0000000
   0.0000000   0.0000000   0.0000000   0.0000000   0.0000000   0.0000000   0.0000000
   0.0000000   0.0000000   0.0000000   0.0000000   0.0000000   0.0000000   0.0000000
   0.0000000   0.0000000   0.0000000   0.0000000   0.0000000   0.0000000   0.0000000
   0.0000000   0.0000000   0.0000000   0.0000000   0.0000000   0.0000000   0.0000000
   0.0000000   0.0000000   0.0000000   0.0000000   0.0000000   0.0000000   0.0000000
   0.0000000   0.0000000   0.0000000   0.0000000   0.0000000   0.0000000   0.0000000
   0.0000000   0.0000000   0.0000000   0.0000000   0.0000000   0.0000000   0.0000000
   0.0000000   0.0000000   0.0000000   0.0000000   0.0000000   0.0000000   0.0000000
   0.0000000   0.0000000   0.0000000   0.0000000   0.0000000   0.0000000   0.0000000
   0.0000000   0.0000000   0.0000000   0.0000000   0.0000000   0.0000000   0.0000000
   0.0000000   0.0000000   0.0000000   0.0000000   0.0000000   0.0000000   0.0000000
   0.0000000   0.0000000   0.0000000   0.0000000   0.0000000   0.0000000   0.0000000
   0.0000000   0.0000000   0.0000000   0.0000000   0.0000000   0.0000000   0.0000000
   0.0000000   0.0000000   0.0000000   0.0000000   0.0000000   0.0000000   0.0000000
   0.0000000   0.0000000   0.0000000   0.0000000   0.0000000   0.0000000   0.0000000
   0.0000000   0.0000000   0.0000000   0.0000000   0.0000000   0.0000000   0.0000000
   0.0000000   0.0000000   0.0000000   0.0000000   0.0000000   0.0000000   0.0000000
   0.0000000   0.0000000   0.0000000   0.0000000   0.0000000   0.0000000   0.0000000
   0.0000000   0.0000000   0.0000000
  -0.0106037  -0.0224692  -0.0356883  -0.0487895  -0.0614906  -0.0712396  -0.0779794
  -0.0835734  -0.0888479  -0.0931889  -0.0971481  -0.1012096  -0.1052010  -0.1092195
  -0.1136439  -0.1184625  -0.1234741  -0.1280454  -0.1321118  -0.1362555  -0.1401547
  -0.1438946  -0.1472766  -0.1503530  -0.1529947  -0.1555622  -0.1579950  -0.1606083
  -0.1635879  -0.1663381  -0.1685467  -0.1705347  -0.1722956  -0.1737848  -0.1764977
  -0.1822806  -0.1898251  -0.1994992  -0.2127863  -0.2257204  -0.2389050  -0.2554854
  -0.2750197  -0.2964683  -0.3204294  -0.3436689  -0.3631923  -0.3816501  -0.3986279
  -0.4139439  -0.4269470  -0.4411255  -0.4529676  -0.4623433  -0.4705652  -0.4797691
  -0.4878549  -0.4951681  -0.5006425  -0.5051102  -0.5082327  -0.5109178  -0.5120973
  -0.5125604  -0.5128046  -0.5132807  -0.5137479  -0.5153264  -0.5181601  -0.5220482
  -0.5269114  -0.5311252  -0.5345933  -0.5375240  -0.5397810  -0.5414300  -0.5432593
  -0.5460944  -0.5499365  -0.5550908  -0.5600860  -0.5650460  -0.5699053  -0.5749454
  -0.5801192  -0.5862441  -0.5928290  -0.5996323  -0.6061380  -0.6123649  -0.6183678
  -0.6251136  -0.6320380  -0.6391666  -0.6460536  -0.6526140  -0.6583464  -0.6635991
  -0.6683734  -0.6727201  -0.6765137  -0.6790684  -0.6806878  -0.6813007  -0.6810468
  -0.6799710  -0.6782671  -0.6756956  -0.6723885  -0.6682695  -0.6637155  -0.6586893
  -0.6531599  -0.6468740  -0.6403252  -0.6334361  -0.6271868  -0.6221112  -0.6178398
  -0.6140975  -0.6106682  -0.6063442  -0.6009018  -0.5948148  -0.5882898  -0.5808407
  -0.5721322  -0.5613180  -0.5489974  -0.5353415  -0.5214050  -0.5078879  -0.4959188
  -0.4846081  -0.4741762  -0.4637167  -0.4535907  -0.4436173  -0.4336311  -0.4222427
  -0.4112394  -0.4002535  -0.3887383  -0.3760674  -0.3637160  -0.3512528  -0.3390863
  -0.3276141  -0.3187740  -0.3117213  -0.3052659  -0.2992977  -0.2917150  -0.2825694
  -0.2734685  -0.2632707  -0.2517904  -0.2407857  -0.2279951  -0.2132439  -0.1993129
  -0.1866932  -0.1758964  -0.1687136  -0.1632967  -0.1578100  -0.1523775  -0.1458107
  -0.1382565  -0.1311174  -0.1236238  -0.1150749  -0.1068043  -0.0993098  -0.0907831
  -0.0817890  -0.0721669  -0.0624720  -0.0515595  -0.0398337  -0.0282108  -0.0172999
  -0.0050358   0.0085887   0.0237585   0.0402757   0.0580694   0.0751063   0.0923156
   0.1075196   0.1213269   0.1333666   0.1450177   0.1551122   0.1653908   0.1759876
   0.1874557   0.1986787   0.2099078   0.2206392   0.2317014   0.2428388   0.2541455
   0.2645378   0.2742560   0.2820553   0.2876099   0.2925810   0.2981384   0.3040317
   0.3101683   0.3172257   0.3239234   0.3297150   0.3365743   0.3423832   0.3482738
   0.3545872   0.3607032   0.3649681   0.3701104   0.3759274   0.3816703   0.3880325
   0.3956088   0.4038722   0.4124488   0.4212095   0.4305976   0.4406414   0.4515307
   0.4616291   0.4715820   0.4811480   0.4890957   0.4949903   0.4995935   0.5030018
   0.5051277   0.5060939   0.5059389   0.5050325   0.5031944   0.5004529   0.4975998
   0.4955743   0.4937183   0.4928432   0.4928714   0.4940344   0.4955274   0.4979363
   0.5007211   0.5037831   0.5064555   0.5090512   0.5117176   0.5148718   0.5177796
   0.5204903   0.5222541   0.5217434   0.5195177   0.5171725   0.5145008   0.5122742
   0.5116462   0.5112707   0.5105928   0.5102468   0.5102071   0.5110683   0.5145167
   0.5187036   0.5228331   0.5269960   0.5305932   0.5318262   0.5323004   0.5324325
   0.5319843   0.5311735   0.5301267   0.5288278   0.5272184   0.5246665   0.5207604
   0.5151311   0.5077590   0.4990359   0.4891968   0.4779146   0.4654419   0.4530626
   0.4404740   0.4286440   0.4181773   0.4086120   0.3993848   0.3913537   0.3846839
   0.3802145   0.3787756   0.3792013   0.3802070   0.3812642   0.3791717   0.3747563
   0.3700978   0.3650463   0.3593276   0.3540970   0.3486888   0.3396500   0.3278864
   0.3133814   0.2966602   0.2784935   0.2609969   0.2432539   0.2244919   0.2069045
   0.1904135   0.1785887   0.1700517   0.1669041   0.1679628   0.1725838   0.1772109
   0.1842090   0.1910268   0.1995931   0.2066585   0.2121886   0.2156806   0.2181793
   0.2178708   0.2168344   0.2143049   0.2120716   0.2081744   0.2027325   0.1978188
   0.1915447   0.1812387   0.1689925   0.1574381   0.1436435   0.1272980   0.1129336
   0.1014408   0.0884709   0.0748975   0.0639240   0.0526287   0.0397892   0.0274715
   0.0172972   0.0083219  -0.0004541
   0.0000000   0.0000000   0.0000000   0.0000000   0.0000000   0.0000000   0.0000000
   0.0000000   0.0000000   0.0000000   0.0000000   0.0000000   0.0000000   0.0000000
   0.0000000   0.0000000   0.0000000   0.0000000   0.0000000   0.0000000   0.0000000
   0.0000000   0.0000000   0.0000000   0.0000000   0.0000000   0.0000000   0.0000000
   0.0000000   0.0000000   0.0000000   0.0000000   0.0000000   0.0000000   0.0000000
   0.0000000   0.0000000   0.0000000   0.0000000   0.0000000   0.0000000   0.0000000
   0.0000000   0.0000000   0.0000000   0.0000000   0.0000000   0.0000000   0.0000000
   0.0000000   0.0000000   0.0000000   0.0000000   0.0000000   0.0000000   0.0000000
   0.0000000   0.0000000   0.0000000   0.0000000   0.0000000   0.0000000   0.0000000
   0.0000000   0.0000000   0.0000000   0.0000000   0.0000000   0.0000000   0.0000000
   0.0000000   0.0000000   0.0000000   0.0000000   0.0000000   0.0000000   0.0000000
   0.0000000   0.0000000   0.0000000   0.0000000   0.0000000   0.0000000   0.0000000
   0.0000000   0.0000000   0.0000000   0.0000000   0.0000000   0.0000000   0.0000000
   0.0000000   0.0000000   0.0000000   0.0000000   0.0000000   0.0000000   0.0000000
   0.0000000   0.0000000   0.0000000   0.0000000   0.0000000   0.0000000   0.0000000
   0.0000000   0.0000000   0.0000000   0.0000000   0.0000000   0.0000000   0.0000000
   0.0000000   0.0000000   0.0000000   0.0000000   0.0000000   0.0000000   0.0000000
   0.0000000   0.0000000   0.0000000   0.0000000   0.0000000   0.0000000   0.0000000
   0.0000000   0.0000000   0.0000000   0.0000000   0.0000000   0.0000000   0.0000000
   0.0000000   0.0000000   0.0000000   0.0000000   0.0000000   0.0000000   0.0000000
   0.0000000   0.0000000   0.0000000   0.0000000   0.0000000   0.0000000   0.0000000
   0.0000000   0.0000000   0.0000000   0.0000000   0.0000000   0.0000000   0.0000000
   0.0000000   0.0000000   0.0000000   0.0000000   0.0000000   0.0000000   0.0000000
   0.0000000   0.0000000   0.0000000   0.0000000   0.0000000   0.0000000   0.0000000
   0.0000000   0.0000000   0.0000000   0.0000000   0.0000000   0.0000000   0.0000000
   0.0000000   0.0000000   0.0000000   0.0000000   0.0000000   0.0000000   0.0000000
   0.0000000   0.0000000   0.0000000   0.0000000   0.0000000   0.0000000   0.0000000
   0.0000000   0.0000000   0.0000000   0.0000000   0.0000000   0.0000000   0.0000000
   0.0000000   0.0000000   0.0000000   0.0000000   0.0000000   0.0000000   0.0000000
   0.0000000   0.0000000   0.0000000   0.0000000   0.0000000   0.0000000   0.0000000
   0.0000000   0.0000000   0.0000000   0.0000000   0.0000000   0.0000000   0.0000000
   0.0000000   0.0000000   0.0000000   0.0000000   0.0000000   0.0000000   0.0000000
   0.0000000   0.0000000   0.0000000   0.0000000   0.0000000   0.0000000   0.0000000
   0.0000000   0.0000000   0.0000000   0.0000000   0.0000000   0.0000000   0.0000000
   0.0000000   0.0000000   0.0000000   0.0000000   0.0000000   0.0000000   0.0000000
   0.0000000   0.0000000   0.0000000   0.0000000   0.0000000   0.0000000   0.0000000
   0.0000000   0.0000000   0.0000000   0.0000000   0.0000000   0.0000000   0.0000000
   0.0000000   0.0000000   0.0000000   0.0000000   0.0000000   0.0000000   0.0000000
   0.0000000   0.0000000   0.0000000   0.0000000   0.0000000   0.0000000   0.0000000
   0.0000000   0.0000000   0.0000000   0.0000000   0.0000000   0.0000000   0.0000000
   0.0000000   0.0000000   0.0000000   0.0000000   0.0000000   0.0000000   0.0000000
   0.0000000   0.0000000   0.0000000   0.0000000   0.0000000   0.0000000   0.0000000
   0.0000000   0.0000000   0.0000000   0.0000000   0.0000000   0.0000000   0.0000000
   0.0000000   0.0000000   0.0000000   0.0000000   0.0000000   0.0000000   0.0000000
   0.0000000   0.0000000   0.0000000   0.0000000   0.0000000   0.0000000   0.0000000
   0.0000000   0.0000000   0.0000000   0.0000000   0.0000000   0.0000000   0.0000000
   0.0000000   0.0000000   0.0000000   0.0000000   0.0000000   0.0000000   0.0000000
   0.0000000   0.0000000   0.0000000   0.0000000   0.0000000   0.0000000   0.0000000
   0.0000000   0.0000000   0.0000000   0.0000000   0.0000000   0.0000000   0.0000000
   0.0000000   0.0000000   0.0000000   0.0000000   0.0000000   0.0000000   0.0000000
   0.0000000   0.0000000   0.0000000   0.0000000   0.0000000   0.0000000   0.0000000
   0.0000000   0.0000000   0.0000000
 1.1178375  1.2899972      ! Amplitude Factors
 127.0                     ! Antenna Bearing
 HATY                      ! Site Code
 35.2572667  -75.5200500   ! Site Lat Lon
 1.0                       ! Degree Resolution
 10.0                      ! Degree Smoothing
 2014 11 06  16 22 42      ! Date Year Mo Day Hr Mn Sec
 10degreesSmoothing_adjusted'f'loop from codar
 A60E7875-B457-4432-9B39-D8F86D10DE7D   ! UUID
 67.6       34.6           ! Phase Corrections
