37     6.00000   0.0    34.7600833  -76.4113667 CORE  5.0
1    12.00000      0
 227.5
 155.0
1    18.00000      1
 227.5
 155.0
1    24.00000      2
 227.5
 155.0
1    30.00000      3
 227.5
 155.0
1    36.00000      4
 227.5
 155.0
1    42.00000      5
 227.5
 155.0
1    48.00000      6
 227.5
 155.0
1    54.00000      7
 227.5
 155.0
1    60.00000      8
 227.5
 155.0
1    66.00000      9
 227.5
 155.0
1    72.00000     10
 227.5
 155.0
1    78.00000     11
 227.5
 155.0
1    84.00000     12
 225.0
 150.0
1    90.00000     13
 225.0
 150.0
1    96.00000     14
 225.0
 150.0
1   102.00000     15
 225.0
 150.0
1   108.00000     16
 225.0
 150.0
1   114.00000     17
 225.0
 150.0
1   120.00000     18
 225.0
 150.0
1   126.00000     19
 225.0
 150.0
1   132.00000     20
 225.0
 150.0
1   138.00000     21
 225.0
 150.0
1   144.00000     22
 225.0
 150.0
1   150.00000     23
 225.0
 150.0
1   156.00000     24
 225.0
 150.0
1   162.00000     25
 225.0
 150.0
1   168.00000     26
 225.0
 150.0
1   174.00000     27
 225.0
 150.0
1   180.00000     28
 225.0
 150.0
1   186.00000     29
 225.0
 150.0
1   192.00000     30
 225.0
 150.0
1   198.00000     31
 225.0
 150.0
1   204.00000     32
 225.0
 150.0
1   210.00000     33
 225.0
 150.0
1   216.00000     34
 225.0
 150.0
1   222.00000     35
 225.0
 150.0
1   228.00000     36
 225.0
 150.0
